	cancer~0	cancer~1	cancer~2	cancer~3	cancer~4	cancer~5	cancer~6	cancer~7	cancer~8	immune~0	immune~1	immune~2	immune~3	immune~4	immune~5	immune~6	immune~7	others~0	others~1	others~10	others~11	others~2	others~3	others~4	others~5	others~6	others~7	others~8	others~9
Set-01-1-N	0.005305081	0.0	0.0	0.025967787000000003	0.04850314	0.119392653	0.0	0.0	0.085962944	0.010721648	0.01348382	0.0	0.086945804	0.09488341300000001	0.0	0.019644382	0.091044674	0.0	0.108655729	0.0	0.10370153300000001	0.07633108799999999	0.0	0.0	0.10945630199999999	0.0	0.0	0.0	0.0
Set-01-2-T	0.095879394	0.0	0.0	0.089819754	0.048078947999999996	0.0	0.0	0.08414500300000001	0.075941853	0.0	0.075144734	0.023237942999999997	0.015381467	0.016550738	0.0	0.050460698	0.08995877599999999	0.0	0.114932134	0.0	0.040640581	0.069849194	0.0	0.031950993	0.065788288	0.0	0.0077115890000000005	0.0	0.004527911
Set-01-3-N	0.098687396	0.0	0.139778379	0.015420958	0.004895167	0.131211416	0.011495098999999998	0.0	0.026862264	0.036878334	0.053553159	0.0	0.04453585	0.06004722	0.010308237	0.010336926	0.053060641	0.014490573	0.079319284	0.014115184	0.07749225	0.087532728	0.0	0.0	0.015825646999999998	0.0	0.0	0.014153289	0.0
Set-01-4-T	0.13535756599999998	0.0	0.0	0.070463355	0.116669967	0.038992542000000005	0.0	0.0	0.09411751199999999	0.033184647000000005	0.038907288	0.0	0.0	0.0	0.019329926	0.021371374	0.037906031	0.0	0.14802127	0.0	0.062656478	0.088597464	0.0	0.058094581	0.034248397	0.0	0.002081602	0.0	0.0
Set-01-5-N	0.028077269	0.0	0.080601668	0.043484431	0.069929945	0.040356714	0.0	0.0	0.094622829	0.0	0.094937075	0.064818769	0.069142423	0.090885425	0.0021637270000000003	0.0	0.026396034	0.0	0.12177574599999999	0.0	0.0	0.08843869	0.0	0.0	0.062633633	0.0	0.021735622000000003	0.0	0.0
Set-01-6-T	0.085610597	0.0	0.094745941	0.04477476	0.089044854	0.122418897	0.0	0.0	0.011558226999999999	0.033004517000000004	0.095298766	0.0	0.06637283599999999	0.0032112079999999997	0.028835128999999998	0.0	0.026746046000000002	0.0	0.09860815	0.0	0.016587815	0.046353362	0.0	0.041725844	0.046105455	0.0	0.038816266	0.0	0.010181331
Set-01-7-N	0.07337515	0.0	0.014563095	0.080854174	0.02143269	0.12065408300000001	0.0	0.0	0.09157002	0.013272353999999998	0.029933666	0.0	0.0	0.074357877	0.0	0.0	0.11856253800000001	0.0	0.08748085900000001	0.0	0.05357213	0.076202971	0.0	0.0	0.070622696	0.0	0.041189721	0.032355976	0.0
Set-01-8-T	0.107728531	0.0	0.081853386	0.088394476	0.033769125	0.10462461699999999	0.0	0.0	0.063937903	0.046893104000000005	0.0	0.0	0.057628667	0.03314708	0.0	0.010533308	0.080755458	0.0	0.119095125	0.0	0.0032049709999999996	0.095632867	0.0	0.045264295999999996	0.027537085	0.0	0.0	0.0	0.0
Set-01-9-N	0.055066486	0.0	0.0	0.06353968900000001	0.0	0.107106618	0.0	0.0	0.031763514	0.073745716	0.07246330299999999	0.0	0.082060968	0.047245477	0.0	0.0	0.088570207	0.0	0.07689135400000001	0.0	0.040172032999999996	0.114930745	0.0	0.057408451	0.08903544	0.0	0.0	0.0	0.0
Set-01-10-T	0.10804759800000001	0.0	0.082120565	0.062340058	0.090209891	0.119926049	0.0	0.0	0.059680577	0.017875476	0.012102187	0.0	0.029229747	0.043246545	0.006036366	0.000567589	0.041158053	0.0	0.145997002	0.0	0.009144078	0.08122536400000001	0.0	0.0	0.091092855	0.0	0.0	0.0	0.0
Set-02-1-N	0.085879112	0.0	0.0	0.052362566	0.050337611	0.08683781	0.0	0.0	0.01408337	0.083640727	0.066015278	0.0	0.097371557	0.033142927999999995	0.031759433999999996	0.03207888	0.08594974400000001	0.0	0.086492758	0.0	0.031605467000000005	0.10382284	0.0	0.022627046	0.009479036	0.0	0.024199756	0.0023140820000000003	0.0
Set-02-2-T	0.12873177	0.0	0.09014639599999999	0.08409131800000001	0.089546976	0.062608752	0.0	0.0	0.024161382999999998	0.0	0.08851733099999999	0.0	0.06201204	0.051747638	0.0	0.0	0.086781155	0.0	0.11238992199999999	0.0	0.0	0.054181283	0.0	0.0	0.065084036	0.0	0.0	0.0	0.0
Set-02-3-N	0.095583566	0.0	0.0	0.043059297	0.069708705	0.061945269000000004	0.0	0.0	0.0	0.073994377	0.026129364	0.056695925999999994	0.0	0.044009432	0.039946374	0.0	0.068418033	0.0	0.076556332	0.0	0.10652299400000001	0.15144918	0.0	0.0	0.071677617	0.0	0.0	0.0	0.014303535
Set-02-4-T	0.112333203	0.0	0.060559282	0.068835513	0.059797290999999995	0.085603101	0.0	0.0	0.049614658	0.0	0.058805773	0.009363098	0.080606599	0.013405617	0.04484424099999999	0.02815497	0.040769199	0.0	0.10496493800000001	0.0	0.026460449	0.065659592	0.0	0.032597298999999996	0.057625178	0.0	0.0	0.0	0.0
Set-02-5-N	0.037155757000000005	0.0	0.074917323	0.085370565	0.033378693	0.092810362	0.0	0.0	0.014536486000000001	0.0	0.037640433	0.007908466	0.006087223	0.08436000699999999	0.031378728	0.06987367900000001	0.094848179	0.0	0.07104350599999999	0.0	0.075197566	0.084878847	0.0	0.018672978	0.079941203	0.0	0.0	0.0	0.0
Set-02-6-T	0.12283277199999999	0.0	0.038459938	0.147776564	0.0	0.07994539099999999	0.0	0.078755959	0.087272484	0.015068855	0.027004182999999998	0.0	0.045011199999999994	0.0019743779999999997	0.0	0.002487226	0.050404135999999995	0.0	0.167008732	0.0	0.0	0.07511	0.0	0.0	0.060888183	0.0	0.0	0.0	0.0
Set-02-7-N	0.049477634000000006	0.0	0.04368861	0.10065846099999999	0.102183644	0.011383482	0.0	0.0	0.019383606	0.022549092000000003	0.08698433800000001	0.0	0.098924401	0.068565373	0.0	0.084826024	0.096374271	0.0	0.084490866	0.0	0.010248172	0.062444427999999996	0.0	0.0	0.044659132000000004	0.0	0.0	0.0	0.013158464
Set-02-8-T	0.140066581	0.0	0.020593861	0.126214283	0.132926448	0.030071143999999998	0.07350541599999999	0.0	0.014039938	0.0	0.076415725	0.010429487	0.021253993	0.031100245	0.0	0.015264972	0.04745497	0.0	0.156465616	0.0	0.0	0.03706092	0.0	0.0	0.067136401	0.0	0.0	0.0	0.0
Set-02-9-N	0.139315057	0.0	0.0	0.074816979	0.07731224	0.096032456	0.0	0.0	0.02138069	0.0	0.044808258	0.061795893	0.03085653	0.02752384	0.012497652	0.038900244	0.069213567	0.0	0.07603118	0.0	0.069787444	0.102778461	0.0	0.0	0.056949507999999996	0.0	0.0	0.0	0.0
Set-02-10-T	0.117392993	0.0	0.09663273900000001	0.10507903	0.08201507	0.062200503	0.0	0.0	0.011583867	0.0	0.033867326	0.043297298	0.041238062	0.0	0.001217872	0.02606453	0.057703215999999995	0.0	0.11036421699999999	0.0	0.063161737	0.043090280999999994	0.0	0.022745694	0.08234556400000001	0.0	0.0	0.0	0.0
Set-03-1-N	0.09796503	0.0	0.0	0.05858779	0.06157612	0.124522124	0.0	0.0	0.009425089000000001	0.0	0.056446757	0.046212367000000004	0.010050065	0.06669035400000001	0.0	0.0	0.125109883	0.0	0.093880146	0.0	0.054562489000000006	0.08956666199999999	0.0	0.0	0.069153114	0.0	0.002276388	0.0	0.033975621
Set-03-2-T	0.08947843400000001	0.0	0.0	0.11547244699999999	0.110905139	0.082332615	0.008587628	0.0	0.0074020940000000006	0.040650225	0.045329725	0.033898207	0.080765292	0.049664023	0.0	0.011370237	0.09933472300000001	0.0	0.054297005	0.0	0.013139349	0.04448603	0.0	0.02539266	0.044718309000000005	0.0	0.042775858	0.0	0.0
Set-03-3-N	0.108494456	0.0	0.0	0.03872574	0.08775002300000001	0.074276145	0.0	0.0	0.013360115	0.027948976	0.072142981	0.0	0.031330237000000004	0.075824585	0.0	0.067907332	0.06287478	0.0	0.050312392000000004	0.0	0.001288076	0.107427621	0.036577475	0.035258325	0.108500742	0.0	0.0	0.0	0.0
Set-03-4-T	0.08419701	0.0	0.0	0.09899194800000001	0.096855993	0.0	0.0	0.081873072	0.039860611000000004	0.017422088999999998	0.021813553	0.010222119	0.037996943	0.005580504	0.017292178000000002	0.056370872	0.064200541	0.0	0.08985971	0.0	0.07694747	0.092151684	0.0	0.016987539	0.076149516	0.0	0.013175736	0.0	0.002050914
Set-03-5-N	0.053858099000000006	0.0	0.0	0.07668496799999999	0.061336426	0.08072707900000001	0.0	0.0	0.0	0.044790625	0.05749173	0.010207288	0.033054598	0.053586802	0.0	0.052842664000000004	0.12884405699999998	0.0	0.09551308300000001	0.0	0.020281931	0.110541254	0.0	0.0	0.087562951	0.0	0.032676447000000004	0.0	0.0
Set-03-6-T	0.11384487	0.0	0.081838457	0.0	0.100658897	0.061864663	0.0	0.0	0.060745392	0.003754008	0.028174067	0.0	0.052121705	0.03765581	0.012932956	0.017786374	0.09383788300000001	0.0	0.077956446	0.0	0.040809767000000004	0.137343691	0.0	0.005933983	0.055838217	0.0	0.016902813	0.0	0.0
Set-03-7-N	0.096226193	0.0	0.054099479000000006	0.049734957	0.025826297	0.06508081	0.0	0.0	0.045876619	0.038579774	0.068154011	0.0	0.045812293	0.04509934	0.0	0.050558164	0.10199053599999999	0.0	0.030696194	0.0	0.044676909	0.119947482	0.031012417	0.0	0.050596573	0.0	0.034556203	0.0014757479999999998	0.0
Set-03-8-T	0.11390320300000001	0.0	0.057776278	0.09248428800000001	0.05428010900000001	0.08845096	0.0	0.0	0.067541636	0.012397001000000001	0.044374199	0.004605585	0.016484553	0.038194747	0.017025448999999998	0.04208735	0.082382772	0.0	0.065724933	0.0	0.029324153999999998	0.049166269000000005	0.0	0.03692907	0.08669582699999999	0.0	0.00017161799999999998	0.0	0.0
Set-03-9-N	0.069803263	0.0	0.0	0.097841082	0.133321911	0.108503009	0.056023986	0.0	0.012959798	0.0	0.008197191999999999	0.0	0.0	0.014729648	0.017281921999999998	0.0	0.127921531	0.0	0.087557365	0.0	0.027365967	0.09838862400000001	0.0	0.0	0.075613659	0.0	0.034539226	0.0	0.029951816000000003
Set-03-10-T	0.11483412300000001	0.0	0.080692853	0.035960425	0.054303088	0.069637692	0.0	0.0	0.012266435	0.050067827999999995	0.054399289	0.0	0.060515756	0.061990903	0.006436069	0.022628987000000003	0.066765032	0.0	0.027850352999999998	0.021276705	0.040316675	0.075369278	0.0	0.074681889	0.064006572	0.0	0.0	0.006000047	0.0
Set-04-1-N	0.091915539	0.0	0.0	0.048881930999999997	0.065129288	0.09524250599999999	0.0	0.0	0.065940508	0.052128184	0.069696964	0.053155425	0.090888046	0.041674465	0.012454827	0.008249332	0.028337346	0.0	0.065573769	0.0	0.051790665	0.155226502	0.0	0.0	0.0	0.0	0.0037147029999999998	0.0	0.0
Set-04-2-T	0.131266689	0.0	0.089360409	0.051496553	0.053181603	0.11123076	0.0	0.0	0.015220092	0.0	0.062852408	0.039504622999999996	0.018622892	0.030404999	0.023952285	0.047004203	0.045014589	0.0	0.09415031900000001	0.0	0.053416255	0.067692455	0.0	0.0	0.042605218	0.0	0.023023647999999997	0.0	0.0
Set-04-3-N	0.112124785	0.0	0.046391048	0.067888363	0.022097499	0.050804225999999994	0.0	0.0	0.0	0.0	0.0065186919999999995	0.066721448	0.069829712	0.032337536	0.039266326000000004	0.065546835	0.076315895	0.0	0.07689449	0.0	0.016511997	0.13480603300000002	0.0	0.055822595999999995	0.06012252	0.0	0.0	0.0	0.0
Set-04-4-T	0.117054777	0.0	0.007092492	0.0	0.07124743900000001	0.111217137	0.0	0.056546247	0.003602829	0.0	0.10621007800000001	0.0	0.013172661	0.06358079999999999	0.047903401	0.003504595	0.10304304199999999	0.0	0.092484426	0.0	0.063136971	0.102534156	0.0	0.0	0.036377675	0.0	0.001291274	0.0	0.0
Set-04-5-N	0.045898543	0.0	0.024133232999999997	0.087401585	0.039241133	0.125879941	0.0	0.0	0.0	0.054669922	0.090714396	0.0	0.040327235	0.066609159	0.0	0.053234434000000004	0.055097832	0.0	0.085449574	0.0	0.09298607099999999	0.07609615	0.0	0.0	0.052415624	0.0	0.0	0.009845168	0.0
Set-04-6-T	0.109151634	0.0	0.09376529900000001	0.061498484000000006	0.10990256699999999	0.082136353	0.0	0.0	0.032976392	0.03012302	0.086754934	0.010007098	0.050111267	0.032388727	0.043935089000000004	0.018734278	0.022302937999999998	0.0	0.060519252	0.0	0.0	0.09098431400000001	0.0	0.0	0.036474615	0.0	0.017616743	0.0	0.010616996
Set-04-7-N	0.058480635	0.0	0.0	0.035007111	0.09948526	0.071771387	0.0	0.0	0.033493806	0.029739589	0.080174234	0.049994557	0.0034280509999999997	0.020771564	0.0	0.07124981400000001	0.10854468699999999	0.0	0.085689189	0.0	0.019794851999999998	0.119277613	0.0	0.033254703	0.053467142	0.0	0.0	0.003762604	0.022613202000000002
Set-04-8-T	0.123426132	0.0	0.11982837699999999	0.052015553	0.074510776	0.074314441	0.0	0.0	0.06352604	0.005054036	0.072241182	0.0	0.025713971000000002	0.050535102	0.01156213	0.009323999	0.06769916	0.0	0.087183706	0.0	0.002177085	0.102188831	0.0	0.0	0.049221885	0.0	0.009477594	0.0	0.0
Set-04-9-N	0.027075579	0.0	0.068587895	0.08568285	0.022357604	0.042372491	0.0	0.0	0.0	0.0	0.047520430999999995	0.06186215	0.022524552000000003	0.051555875999999994	0.063362242	0.019767167	0.127374622	0.0	0.07975391400000001	0.0	0.023662918999999998	0.06183517400000001	0.0	0.0	0.14625901800000002	0.0	0.0	0.0	0.048445515999999994
Set-04-10-T	0.136533155	0.0	0.07067636	0.080670908	0.051314305	0.06874378	0.0	0.0	0.05348828	0.0	0.048932896	0.0	0.079647811	0.0	0.017644571	0.053927767	0.065774718	0.0	0.061903667999999995	0.0	0.040494255	0.07523692900000001	0.0	0.03016824	0.064842359	0.0	0.0	0.0	0.0
Set-05-1-N	0.089469659	0.0	0.044243998	0.024081737000000002	0.026386128	0.052041824	0.0	0.0	0.050500914	0.0	0.111673001	0.0	0.003429391	0.060442468	0.07717072	0.07890947599999999	0.078225595	0.0	0.047264499	0.0	0.010231789	0.079051292	0.0	0.016643899	0.051287624000000004	0.0	0.016260228	0.0	0.082685758
Set-05-2-T	0.12020772199999999	0.0	0.025853944	0.054738757	0.0020592229999999998	0.090635447	0.0	0.0	0.0	0.002149102	0.08922791699999999	0.010126241999999999	0.003935153	0.018511721999999998	0.078549307	0.002844326	0.047281265999999995	0.0	0.07480862	0.0	0.123915426	0.136804397	0.0	0.092186627	0.0	0.0	0.026164802	0.0	0.0
Set-05-3-N	0.046764494000000004	0.0	0.09841705199999999	0.05619877400000001	0.042937202	0.091190639	0.0	0.0	0.041887644	0.079867736	0.067007309	0.0	0.038868734	0.069619084	0.018259471	0.023414897	0.072600417	0.0	0.087427874	0.0	0.0	0.040006426	0.0	0.0	0.046261283	0.0	0.026216922	0.0	0.053054042
Set-05-4-T	0.154539136	0.0	0.0	0.0679986	0.0	0.06453452900000001	0.0	0.058947709	0.004297075	0.0	0.091420019	0.047160497	0.07924450400000001	0.030072104	0.0	0.028588781	0.020617925	0.0	0.072444828	0.0	0.057621543	0.108939066	0.0	0.019262756000000002	0.07594888400000001	0.0	0.0	0.0	0.018362043
Set-05-5-N	0.070609344	0.0	0.0	0.03831505	0.031126009	0.051875804000000005	0.0	0.0	0.06805391599999999	0.0	0.109891288	0.057581865999999995	0.06213490000000001	0.039866072999999995	0.0	0.063458723	0.041876826	0.0	0.051948212	0.0	0.10759976	0.059665009000000005	0.0	0.052465608	0.015821041	0.0	0.0	0.017476315	0.06023425599999999
Set-05-6-T	0.153021404	0.0	0.09707563400000001	0.045051157	0.009274203	0.062758493	0.0	0.0	0.050586839	0.021865974	0.06751660799999999	0.0	0.036068922999999996	0.015099088	0.043382709000000005	0.060235844000000004	0.074571624	0.0	0.09317502300000001	0.0	0.037885971000000004	0.08867561	0.0	0.001173112	0.042581783	0.0	0.0	0.0	0.0
Set-05-9-N	0.102218373	0.0	0.023175569	0.021743098	0.066382238	0.08521752099999999	0.0	0.0	0.006676166999999999	0.021060555	0.073646701	0.0	0.064278566	0.045309722999999996	0.07026302799999999	0.025402391	0.036475685	0.0	0.07398178400000001	0.0	0.073087768	0.099557899	0.0	0.011385569	0.040244493	0.0	0.024499621	0.0	0.035393252
Set-05-10-T	0.105447315	0.0	0.062715595	0.096878718	0.020793423000000002	0.091826683	0.0	0.0	0.03788909	0.0	0.055718819	0.049122028	0.051124112	0.014626235	0.0	0.058008598	0.11165645699999999	0.0	0.073575309	0.0	0.000862195	0.074843813	0.0	0.0	0.073529741	0.0	0.013905353999999998	0.0	0.007476516
Set-06-1-N	0.056977895	0.0	0.005745758	0.046905340999999996	0.0	0.07570733	0.0	0.0	0.078147605	0.055822402	0.10342121	0.041576842999999995	0.12155250000000001	0.0	0.014391872	0.012548513999999998	0.040691239	0.0	0.04373174	0.0	0.108829751	0.086701733	0.0	0.016296553000000002	0.015452786000000001	0.0	0.045983601	0.0	0.029515326
Set-06-2-T	0.075309705	0.0	0.06786890799999999	0.05992365	0.034631365	0.061191040999999995	0.0	0.0	0.023487361000000002	0.0	0.068553698	0.058851029000000006	0.059279095	0.032159101	0.054056109000000005	0.038511822	0.105461455	0.0	0.040698476000000004	0.0	0.06567012700000001	0.060672519	0.005506119	0.0	0.078950775	0.0	0.0	0.009217644	0.0
Set-06-3-N	0.068720223	0.0	0.005867165	0.0	0.025618966	0.092126007	0.0	0.0	0.011758791000000001	0.044337965	0.020239992	0.043423203	0.101178807	0.025706958	0.073559325	0.046363615	0.09445550400000001	0.006322374	0.030625565	0.0	0.062164482	0.093031327	0.005653846	0.0	0.099442813	0.016946318000000002	0.0	0.032456752	0.0
Set-06-4-T	0.106944161	0.0	0.0336998	0.090754935	0.015102137	0.047444840999999995	0.0	0.0	0.080581348	0.0	0.06857725	0.010881353	0.079754552	0.045143757	0.0	0.048404834	0.108873571	0.0	0.079296529	0.0	0.029344232	0.040533799	0.0	0.041529212	0.064277892	0.0	0.0	0.0	0.008855797
Set-06-5-N	0.077680423	0.0	0.008699506999999999	0.094697929	0.0	0.019253298000000002	0.0	0.0	0.077286722	0.089669162	0.026300652999999997	0.028812877	0.11755530000000002	0.015862878	0.022660776	0.091918351	0.026039126	0.0	0.06715136299999999	0.0	0.0	0.036581162	0.036995296000000004	0.006316781	0.10323846199999999	0.0	0.035059187	0.0	0.018220746
Set-06-6-T	0.050691517	0.0	0.0	0.058035471	0.039367335	0.052185432999999996	0.0	0.0	0.25275224	0.049114752000000005	0.071139306	0.061171022	0.055173597000000005	0.029264769	0.027861355	0.01390857	0.07067647099999999	0.0	0.070880615	0.0	0.023398715	0.046255397999999996	0.0	0.001553712	0.026569722999999996	0.0	0.0	0.0	0.0
Set-06-7-N	0.082321883	0.0	0.008062537	0.071737421	0.06898531299999999	0.046736448	0.0	0.0	0.0	0.08514150300000001	0.055857584	0.09975403699999999	0.020206101	0.058376906	0.0	0.004351641	0.02215519	0.0	0.04827526	0.021841691	0.107645505	0.09504318	0.0	0.0	0.052936257	0.0	0.039840346	0.010731196	0.0
Set-06-8-T	0.09155423800000001	0.0	0.053602399	0.033031441	0.035458752	0.031175629	0.0	0.0	0.07302927599999999	0.088605567	0.053519429	0.013487559	0.06657794	0.018172400000000002	0.0	0.060011333	0.04402978	0.0	0.059991245	0.014165552	0.087269809	0.06545263	0.0	0.063202466	0.006124704	0.0	0.002058297	0.0	0.039479553
Set-06-9-N	0.080873928	0.0	0.0	0.021113003999999998	0.015420163999999998	0.039647751	0.0	0.0	0.114608055	0.0	0.040676009	0.067220368	0.074587727	0.079934231	0.0	0.0	0.040771582	0.0	0.047926392000000005	0.0	0.064212958	0.103457237	0.0	0.012491459	0.12434942	0.0	0.05204343	0.0	0.020666287
Set-06-10-T	0.111816339	0.0	0.068183987	0.094857624	0.063899635	0.036353078	0.007354497	0.0	0.04896994599999999	0.018227263	0.107975062	0.0	0.014601781999999999	0.046507165999999996	0.0	0.0	0.053367642	0.0	0.108378714	0.0	0.009389161	0.085553514	0.0	0.08080446299999999	0.001763545	0.0	0.0	0.0	0.041996582000000005
Set-07-1-N	0.045187682	0.0	0.024707916	0.065843888	0.0	0.069795251	0.0	0.0	0.014485373999999999	0.017841461	0.11154637699999999	0.039943025	0.081317381	0.019979553	0.0	0.086879035	0.103615865	0.0	0.07311901	0.0	0.086350094	0.066852367	0.0	0.0	0.0	0.01364513	0.0	0.010415786	0.068474803
Set-07-2-T	0.03797313	0.0	0.000188365	0.080234338	0.0	0.012910835	0.0	0.00850868	0.183161591	0.0	0.080633419	0.078300713	0.024368759	0.022900791	0.057233337999999995	0.054807014	0.068216336	0.0	0.086569812	0.0	0.04686065	0.043375708	0.0	0.02540368	0.056947329000000005	0.0	0.0	0.031405511000000004	0.0
Set-07-3-N	0.06354205	0.0	0.022390258	0.0	0.002254754	0.0	0.0	0.0	0.099954294	0.089267913	0.062804278	0.057054663	0.075139551	0.0	0.03641681	0.05820833	0.07963553599999999	0.0	0.068881661	0.0	0.134594498	0.107652922	0.0	0.00326117	0.035868699999999996	0.001631531	0.0	0.0	0.00144108
Set-07-4-T	0.053526675	0.0	0.061950135	0.128732675	0.011858981000000001	0.073548113	0.0	0.0	0.011508837	0.042046716	0.08358024	0.08525276	0.022232727999999997	0.0	0.0	0.061463372	0.115193004	0.0	0.083935045	0.0	0.08632029199999999	0.035747401	0.0	0.023431615	0.0	0.0	0.01967141	0.0	0.0
Set-07-5-N	0.09044674800000001	0.0	0.113116954	0.003857808	0.0	0.02382442	0.0	0.0	0.058614568	0.0	0.030744592	0.051204745	0.038214782	0.061002704000000005	0.004061849	0.079532489	0.110099246	0.0	0.06301622700000001	0.0	0.063558495	0.053027172000000004	0.0	0.091133946	0.020853265	0.000136877	0.0	0.014441165	0.029111946
Set-07-6-T	0.124361993	0.0	0.073717172	0.040316194	0.023723393	0.030988251	0.0	0.0	0.088415127	0.0	0.075335095	0.0	0.060639320999999996	0.0	0.02085722	0.087013011	0.049856594000000004	0.0	0.11123092300000001	0.0	0.068964313	0.037977144	0.0	0.014381293	0.041205972	0.0	0.018305608	0.0	0.032711375
Set-07-7-N	0.123224875	0.0	0.056151492000000004	0.017893116	0.0	0.042473326	0.0	0.0	0.055508992	0.0	0.093298224	0.055054715	0.078468318	0.0	0.011229002	0.010225309	0.036030964	0.0	0.045814567	0.0	0.110369574	0.055724799000000005	0.0	0.104083106	0.039315817	0.0	0.032176065	0.0	0.032957739
Set-07-8-T	0.054627275	0.0	0.032869722000000004	0.064472851	0.0	0.067178988	0.0	0.0	0.07222455400000001	0.028964932999999998	0.077481895	0.0	0.028507382	0.0	0.023052936	0.073791215	0.083566773	0.0	0.082382867	0.002575753	0.060617925999999996	0.10012885	0.0	0.081422418	0.061055785999999994	0.0	0.003715875	0.0	0.001362001
Set-07-9-N	0.111358733	0.0	0.080576473	0.039269733	0.0	0.037695348999999996	0.0	0.0	0.034500964	0.043268872	0.081661037	0.0	0.001325864	0.00489121	0.0	0.09184965099999999	0.118370475	0.0	0.059425093	0.026130531000000002	0.011635363000000001	0.129582061	0.0	0.086755384	0.025445037	0.0	0.001823988	0.0	0.014434183
Set-07-10-T	0.083775563	0.0	0.10188002	0.059542192	0.043838645999999995	0.020094728	0.0	0.0	0.023344200000000002	0.08515234599999999	0.046537987	0.053975623	0.0	0.0	0.060525284000000006	0.021540677999999997	0.088611074	0.0	0.09661507400000001	0.00953433	0.040013576	0.11681042	0.0	0.032104132	0.0	0.016104128	0.0	0.0	0.0
Set-08-1-N	0.137782396	0.009699761	0.016322343	0.013008423	0.0	0.0	0.0	0.004443738	0.0	0.022708506	0.053831815	0.0	0.004959376	0.0	0.09788788300000001	0.03003835	0.070008675	0.0	0.05214976	0.040353462	0.14458000099999999	0.034373185	0.0	0.166440745	0.000267995	0.074557816	0.026244139	0.0	0.00034163
Set-08-2-T	0.13162220000000002	0.0	0.09960127	0.0	0.0	0.0	0.0	0.025505201	0.0	0.027061947000000003	0.024043269	0.038166593	0.043797927	0.0	0.000356753	0.078739234	0.051542160999999996	0.0	0.045921759000000006	0.063214051	0.096047983	0.06328838099999999	0.0	0.147493844	0.008194793	0.055402633	0.0	0.0	0.0
Set-08-3-N	0.116672754	0.0	0.032226298	0.0	0.0	0.0	0.0	0.069043055	0.053538188	0.07703362400000001	0.0	0.0	0.024747433	0.0	0.035860908999999996	0.026839466	0.08421768	0.0	0.013643278	0.07800969	0.10452017400000001	0.07336941599999999	0.0	0.158358572	0.000921658	0.014533713	0.036464092999999996	0.0	0.0
Set-08-4-T	0.09238091400000001	0.0	0.032640293	0.163288729	0.0	0.0	0.0	0.051873052999999995	0.08573772699999999	0.040708227	0.0	0.017803266	0.032748293	0.0	0.022810551000000002	0.042585324	0.047327405999999995	0.0	0.022164517	0.061865485	0.093550944	0.034925762	0.0	0.070162533	0.017874528	0.013363337	0.002260178	0.041928635	0.012000297
Set-08-5-N	0.101623725	0.03913148	0.0	0.018499723	0.0	0.0	0.0	0.0	0.06759775400000001	0.005644995999999999	0.022048862000000002	0.035574994	0.061671635999999995	0.0	0.033541826000000004	0.032308041	0.07694666	0.0	0.041846619	0.119685661	0.097956856	0.040816827	0.0	0.116875696	0.0	0.046725910999999995	0.0	0.016607268	0.024895465
Set-08-6-T	0.123695223	0.009306594	0.0	0.0	0.0	0.0	0.0	0.049975229	0.040163862	0.06451681	0.030497661000000002	0.006792846999999999	0.052342084000000004	0.0	0.0065233819999999994	0.014709571999999999	0.047258447	0.0	0.048195228	0.073547609	0.11575990300000001	0.045627376	0.0	0.145100501	0.017333638000000002	0.040401993	0.046340047	0.021911994	0.0
Set-08-7-N	0.095495032	0.0	0.00801059	0.013931424	0.0	0.0	0.0	0.09672882099999999	0.06149627	0.08635196	0.0057805569999999995	0.02035861	0.036080491	0.0	0.009869913000000001	0.039075142	0.001736495	0.0	0.044378139000000004	0.041889807	0.122457911	0.066840571	0.0	0.172587569	0.0	0.0025561060000000003	0.020962111999999998	0.010446127	0.04296635099999999
Set-08-8-T	0.10285288599999999	0.0	0.07793655	0.09872061900000001	0.0	0.0	0.0	0.044231047999999995	0.052382505999999995	0.029337477999999997	0.002656214	0.0	0.064848403	0.005543736999999999	0.040111947	0.038973967000000005	0.031656436	0.0	0.06321983099999999	0.046843515	0.070682893	0.082643059	0.0	0.09734826	0.023186929	0.0	0.0	0.017405552	0.009418168000000001
Set-08-9-N	0.076108647	0.001512464	0.064687175	0.022485607999999997	0.0	0.0	0.0	0.0	0.021799481000000002	0.054866957	0.0	0.018536888	0.000948652	0.007235826999999999	0.071476597	0.072370095	0.061613287999999995	0.0	0.03333341	0.094997654	0.08822462	0.02601925	0.0	0.121459641	0.0	0.100761134	0.016517893999999998	0.027695044	0.017349675
Set-08-10-T	0.099590897	0.0	0.11693457800000001	0.0	0.0	0.001841547	0.0	0.04464821099999999	0.040360112999999996	0.029644451000000002	0.009831041	0.024016	0.046187107000000005	0.0	0.066929033	0.0	0.052570483	0.0	0.016014622	0.056315208	0.112067234	0.071864186	0.0	0.135413638	0.0	0.025899667	0.0	0.034187837	0.015684148000000002
Set-09-1-N	0.101317743	0.0	0.092827045	0.0	0.0	0.018960413	0.0	0.004043141	0.049903864000000006	0.06149927	0.017413286	0.06801772	0.012661365	0.018767269	0.0	0.08565840300000001	0.078170596	0.0	0.020958452	0.066906536	0.036123991	0.078437628	0.0	0.057663415999999995	0.061403578	0.014715998999999999	0.0	0.022752794	0.031797492000000004
Set-09-2-T	0.08397951699999999	0.0	0.0	0.069534935	0.00019642099999999998	0.085627088	0.0	0.0	0.17699313100000003	0.0	0.060699092999999996	0.059359960999999996	0.06384000599999999	0.0	0.038982162	0.0	0.09571633800000001	0.0	0.046845832000000004	0.0	0.026904011000000002	0.097109766	0.0	0.00936381	0.061750182	0.0	0.0	0.0	0.023097746000000002
Set-09-3-N	0.066116534	0.0	0.06539477	0.0	0.0	0.0	0.0	0.0	0.047423999	0.03837507	0.091403353	0.0	0.016674134	0.065494388	0.020115459	0.055489987000000005	0.083794173	0.0	0.044144683	0.011585337	0.07106805599999999	0.127227798	0.0	0.032125968	0.082933683	0.0	0.014724438999999999	0.009531935	0.056376232000000005
Set-09-4-T	0.06697913700000001	0.0	0.104493876	0.041300726	0.0	0.012422736	0.0	0.0	0.056149284	0.017187783999999998	0.063420409	0.004524309000000001	0.064847235	0.0050285040000000005	0.05010426	0.058683028	0.033700648	0.0	0.077377007	0.011415993999999999	0.08474396599999999	0.045977909000000004	0.0	0.061074877	0.048810563	0.007751931	0.032462971	0.020366723	0.031176126000000002
Set-09-5-N	0.06787274900000001	0.0	0.0	0.026860885	0.022652326	0.004251873	0.0	0.0	0.052766163	0.0072504530000000005	0.149393812	0.10759530099999999	0.062977985	0.062285395	0.0	0.0	0.023549227000000002	0.0	0.076434025	0.0	0.109037577	0.014013751999999999	0.0	0.0	0.015103678	0.0	0.072300855	0.05716085	0.068493094
Set-09-6-T	0.08576433	0.0	0.0	0.012113693	0.126010802	0.11255343599999999	0.0	0.0	0.0	0.014403918	0.028556426	0.06473939299999999	0.07201101	0.003840065	0.068391103	0.008724048	0.075657624	0.0	0.070453533	0.023976435	0.067169773	0.058446817000000005	0.0	0.049045295999999995	0.04950076	0.0	0.001896219	0.0	0.00674532
Set-09-7-N	0.10853057699999999	0.0	0.007183639	0.00744448	0.0	0.0	0.0	0.0	0.056429537	0.068112324	0.0	0.011577645	0.050389975	0.06444129	0.067875111	0.001949505	0.079537111	0.0	0.039888651000000004	0.072016258	0.080590806	0.058992819	0.0	0.100957505	0.034671473	0.0117387	0.0	0.057453337	0.020219256
Set-09-8-T	0.08655994800000001	0.0	0.077992849	0.070584714	0.0	0.040079313	0.0	0.0	0.048614892	0.028994577999999997	0.07736521	0.04885824	0.036057607	0.02147953	0.054952472	0.041913711	0.039341153	0.0	0.05754462	0.0	0.072724352	0.039617416	0.0	0.057048827999999996	0.06661241700000001	0.0	0.018690728	0.014967422	0.0
Set-10-1-N	0.093613846	0.0	0.08688687099999999	0.0	0.0	0.016486277	0.0	0.0	0.026018351000000002	0.012828723	0.056004755	0.0	0.0	0.00114789	0.047443158	0.012641593000000001	0.065562775	0.0	0.051928364000000005	0.135508562	0.137718541	0.024300105	0.0	0.117193329	0.0	0.0	0.056143945	0.058572915999999996	0.0
Set-10-2-T	0.204144749	0.002987472	0.018278396000000002	0.044707932	0.0	0.0	0.0	0.09598152800000001	0.003067789	0.031789675	0.0	0.0	0.012140521999999999	0.0	0.038477869	0.01032496	0.09059330800000001	0.0	0.021433459	0.033159058	0.126472146	0.017063477	0.0	0.11788920300000001	0.0	0.054572567999999995	0.0	0.055767657000000005	0.021148233
Set-10-3-N	0.11026516900000001	0.0	0.009863379	0.036512771	0.0	0.0	0.0	0.0	0.017549896000000002	0.048994927	0.04691697400000001	0.0	0.072963625	0.019241854	0.007434288000000001	0.058102389000000004	0.041990837999999996	0.0	0.008910779	0.127109266	0.099769766	0.045933778	0.0	0.141614665	0.0	0.051259293	0.0	0.055566341	0.0
Set-10-4-T	0.11629344900000001	0.0	0.029251725	0.10237735	0.0	0.0005448769999999999	0.0	0.038881358	0.007668207	0.051184022999999995	0.0	0.0	0.030146212000000002	0.0	0.04863779	0.0663563	0.005453571999999999	0.0	0.076998674	0.016270491	0.10655351	0.07405127	0.0	0.125218109	0.012677171999999999	0.048636634000000005	0.024869468999999998	0.01792981	0.0
Set-10-5-N	0.127789293	0.036083172000000004	0.020007997	0.0	0.0	0.0	0.0	0.0	0.064506105	0.040205208	0.0	0.0	0.021675372000000002	0.01781708	0.059309399000000006	0.015718799999999998	0.020732817	0.0	0.0074420580000000005	0.084567975	0.12295298	0.06282081	0.0	0.129149812	0.021651182	0.052469756	0.046011962999999996	0.014806473	0.034281748
Set-10-6-T	0.128383683	0.0	0.006218851	0.0	0.0	0.0006236659999999999	0.0	0.11661492	0.00212915	0.043217632	0.037493707	0.0	0.020151367	0.0	0.033321767	0.045326233	0.02080305	0.0	0.031765207000000004	0.084416448	0.08446573199999999	0.079299788	0.0	0.12720224300000002	0.040410800000000004	0.070369171	0.027786586000000002	0.0	0.0
Set-10-7-N	0.092371785	0.03041925	0.0	0.004669520999999999	0.0	0.0	0.0	0.049462999	0.019142153999999998	0.078253123	0.020113056	0.025588742	0.050925221	0.0	0.051696281	0.047990297	0.018246818	0.0	0.058519599000000005	0.08904121	0.082441375	0.073102964	0.0	0.095415772	0.0	0.05622117	0.031991712	0.02438695	0.0
Set-10-8-T	0.178829028	0.0	0.055052015999999995	0.011073012	0.038322768	0.012481235	0.0	0.04832375	0.021483192	0.0	0.012737836	0.007872479	0.081654992	0.013253485	0.084273716	0.016219807	0.018802517	0.0	0.079986456	0.048788532999999995	0.075209418	0.044334399000000003	0.0	0.12998125800000002	0.0	0.0	0.0	0.0	0.021320102999999997
Set-10-9-N	0.080337461	0.0	0.024874577999999998	0.018587402	0.0	0.0	0.0	0.088343199	0.0039242059999999995	0.078098383	0.011196552	0.01280386	0.026164762999999997	0.0	0.02435273	0.039055362	0.065089831	0.0	0.023732702	0.10278578599999999	0.11400665199999999	0.078487593	0.0	0.10081563	0.0	0.01504625	0.0	0.06316353799999999	0.029133523999999997
Set-10-10-T	0.16173429	0.0	0.053847364	0.0	0.015972643999999998	0.0	0.0	0.086917979	0.18830234899999998	0.034684673	0.0	0.019673155	0.016746136000000002	0.0	0.010474913	0.047723279	0.05445628	0.0	0.027134164	0.014823003999999999	0.08410191199999999	0.0579164	0.0	0.09796529699999999	0.0	0.004934986	0.004179287	0.018411887	0.0
Set-11-1-N	0.088047258	0.0	0.003747758	0.0	0.0	0.0	0.0	0.079850246	0.019797396999999998	0.08020845	0.022578177999999997	0.0	0.026759337999999997	0.01936143	0.04980065	0.046581208	0.040754297	0.0	0.0	0.083290018	0.06870908	0.079914012	0.0	0.170968846	0.00216365	0.052401115	0.032687188	0.032379879	0.0
Set-11-2-T	0.055033440999999995	0.0	0.004604278	0.0	0.0	0.134280561	0.0	0.0	0.117101994	0.080273884	0.01091234	0.012524603	0.0	0.009404392	0.020309352	0.003760411	0.095341756	0.0	0.058715627	0.08797708900000001	0.083306015	0.071800651	0.0	0.110084946	0.008788241	0.007880825	0.001351056	0.0	0.026548537
Set-11-3-N	0.134675836	0.016778791	0.0	0.0	0.0	0.0	0.0	0.06663693400000001	0.03027828	0.029669472000000002	0.009368256	0.0	0.053675756	0.0	0.021852332000000002	0.050581405	0.038828813999999996	0.0	0.013831475	0.091570544	0.137906884	0.044474415999999996	0.0	0.139738381	0.0	0.062889725	0.0	0.057242698	0.0
Set-11-4-T	0.06742743400000001	0.0	0.0	0.132134952	0.024993062000000003	0.0	0.0	0.027706262000000002	0.041652037	0.01044358	0.050773708	0.0	0.04125124	0.0	0.055442293	0.029824057	0.055080433	0.0	0.028683059	0.025806395	0.12593221	0.048490486	0.0	0.09761407400000001	0.030775046	0.032283592	0.051651039	0.022035042	0.0
Set-11-5-N	0.11811297300000001	0.000544585	0.07412033	0.0	0.0	0.0	0.0	0.0	0.014659698	0.019544133999999998	0.051798202	0.0	0.020888388	0.00820935	0.071242707	0.062104462	0.093588843	0.0	0.016269276000000003	0.08389627	0.10251287	0.093501056	0.0	0.123246521	0.0	0.024642262	0.016385911	0.004732162	0.0
Set-11-6-T	0.09648633	0.0	0.07688085	0.0	0.0	0.013408588999999999	0.0	0.021309472000000003	0.186152825	0.018999362	0.015885388	0.0	0.035038151000000003	0.0	0.052923112	0.065090704	0.003947369	0.0	0.023478659	0.08722097	0.110792849	0.026008882999999997	0.0	0.095393635	0.007112716999999999	0.033760406	0.014559646	0.0	0.015550083000000001
Set-11-7-N	0.123737366	0.0	0.10312999199999999	0.0	0.010429473	0.0	0.0	0.017241874	0.021461243999999997	0.036702442	0.025192142999999997	0.049849687999999996	0.036905602	0.0	0.019506018	0.090315569	0.056112703	0.0	0.064904935	0.065235662	0.064182309	0.06508391599999999	0.0	0.071593404	0.0	0.019037804	0.0	0.057701588	0.001676266
Set-11-8-T	0.031543227	0.0	0.099458294	0.028074567999999998	0.008163274	0.0	0.0	0.039567454	0.14766599	0.078447091	0.053346089000000006	0.0	0.010430505	0.0	0.069428188	0.000537534	0.006161688	0.0	0.054651859000000004	0.050346822	0.09545856800000001	0.04429444	0.0	0.11162378199999999	0.0	0.013205024	0.0	0.050354641	0.0072409630000000004
Set-11-9-N	0.120907529	0.031382769	0.048280702	0.0	0.0	0.015272071000000002	0.0	0.024636467999999998	0.007179498	0.062756634	0.026298472000000003	0.003352807	0.026463231	0.006555123	0.076039149	0.049975233	0.005125424	0.0	0.025326121	0.084162751	0.11723735800000001	0.06902082	0.0	0.137096682	0.007061247	0.036023746	0.019846166000000002	0.0	0.0
Set-11-10-T	0.10616485099999999	0.0	0.0	0.026694454	0.0	0.067927748	0.0	0.028033815	0.051974882	0.033444913	0.038296092999999996	0.00199249	0.040828821	0.0035337579999999997	0.017860907	0.049817809000000005	0.066328578	0.0	0.07456704	0.085053923	0.127197306	0.041002758	0.0	0.082717994	0.0	0.039008291	0.017553568999999998	0.0	0.0
Set-12-1-N	0.055868519000000005	0.0	0.089710749	0.087017371	0.054710888	0.0	0.0	0.0	0.04461061	0.0	0.011776382	0.081774999	0.013331675	0.027106792999999997	0.04065808	0.0	0.09147398400000001	0.0	0.073049392	0.0	0.060720351	0.11304773800000001	0.0	0.09402334400000001	0.010794400000000001	0.0	0.0	0.0	0.050324725
Set-12-2-T	0.171997037	0.0	0.0	0.10943613199999999	0.0	0.06028207	0.0	0.0	0.014576341000000001	0.0	0.07035287	0.080173098	0.08535853800000001	0.0	0.0	0.06576241	0.03586285	0.0	0.051467545999999996	0.0	0.044986507	0.129094763	0.0	0.01519583	0.0054201019999999996	0.0	0.034052912000000005	0.0	0.025980994
Set-12-3-N	0.037626459	0.0	0.023195768999999998	0.08857175199999999	0.028243433	0.068364175	0.0	0.0	0.005901041	0.0	0.049140210999999996	0.08761197800000001	0.028748372999999997	0.062009795	0.0	0.045093540999999994	0.058840385	0.011051471	0.06326032	0.0	0.027964915	0.132139031	0.0	0.009121187	0.114255324	0.040471726	0.0	0.0	0.018389115
Set-12-4-T	0.118669309	0.0	0.13487897599999998	0.022674636	0.001713717	0.006492584	0.0	0.0	0.111142092	0.061172689	0.054207172000000005	0.0	0.048379060999999994	0.0	0.024464688999999998	0.0	0.08691991800000001	0.0	0.106899316	0.044722707	0.019593016	0.023251541	0.0	0.053551576	0.008313727	0.005117749	0.01709614	0.0	0.050739387000000004
Set-12-5-N	0.114462773	0.0	0.101215814	0.02222732	0.0	0.0	0.020250931	0.0	0.047160599000000004	0.051152247000000005	0.042680946	0.0	0.11462827	0.012370782	0.041973807	0.080026081	0.082565808	0.0	0.08400429300000001	0.001060365	0.022510363999999998	0.027783294	0.0	0.01544001	0.0	0.002147419	0.039546763	0.0	0.076792115
Set-12-6-T	0.176596368	0.0	0.109056739	0.040914036	0.007090153	0.035284809	0.0	0.0	0.055421709000000006	0.0	0.0	0.041119175	0.018681711	0.0	0.021591177000000003	0.035938575	0.125360572	0.0	0.054341227	0.0	0.019875422	0.112301612	0.0	0.015205248999999999	0.058103029	0.0	0.0	0.017667755	0.05545068400000001
Set-12-7-N	0.065069068	0.0	0.0	0.08691859	0.037864800000000004	0.024004941000000002	0.0	0.0	0.0	0.015978472	0.004918889	0.057718445	0.10517060000000002	0.0	0.043955187	0.020077898	0.08809006300000001	0.0	0.069670306	0.0	0.10602606199999999	0.131051277	0.0	0.02000003	0.008678406999999999	0.0	0.0	0.051117914	0.06368905
Set-12-8-T	0.118855293	0.0	0.0	0.061030485	0.0	0.003705968	0.0	0.084038694	0.160587378	0.046907285	0.007162882	0.010942516999999999	0.048656664	0.0	0.040114305	0.023078761	0.05264790900000001	0.0	0.055882960999999995	0.007052981	0.071647982	0.086371104	0.0	0.061260287999999996	0.011015287	0.0	0.009499956	0.0	0.039541301
Set-12-9-N	0.115747714	0.0	0.08155358	0.0	0.014068097	0.072199839	0.0	0.0	0.073398283	0.084194067	0.016953938	0.071046578	0.022335683	0.035913781	0.056427332000000004	0.056055544000000006	0.048576237	0.0	0.018292566	0.053910482999999995	0.024330781	0.030241846	0.0	0.054529056	0.043080300999999994	0.013064896000000001	0.014079398	0.0	0.0
Set-12-10-T	0.111987548	0.0	0.16250863	0.079586718	0.0	0.024633834	0.0	0.0	0.081649464	0.016893106	0.0	0.018600961000000003	0.012156972	0.0	0.0	0.08033995	0.038759935	0.0	0.080388095	0.0	0.092109946	0.057936285	0.0	0.0023246160000000003	0.053394232	0.0	0.02885414	0.008131639	0.049743928
Set-13-1-N	0.143492013	0.0	0.0	0.0	0.021841909	0.0077652730000000005	0.0	0.011228381	0.0	0.0	0.000970238	0.006614126	0.09343685300000001	0.028388615	0.023444536000000002	0.0032544659999999997	0.051526835	0.0	0.023949177000000002	0.056987909	0.13038286400000001	0.09826340800000001	0.0	0.148102935	0.010396726	0.055621582999999995	0.037222566	0.029574565	0.017535021
Set-13-2-T	0.094057167	0.0	0.102598723	0.205716586	0.0	0.0	0.0	0.026602842999999998	0.0	0.023475906	0.020168829	0.004186677	0.02090045	0.034581567	0.045180238	0.038544941	0.007285181999999999	0.0	0.029940199	0.057295662000000004	0.042609635	0.08929877900000001	0.0	0.051539645	0.049492102	0.0	0.019462329	0.021703259	0.015359283
Set-13-3-N	0.153830823	0.0	0.0	0.006428237	0.033284588999999996	0.014223853	0.0	0.0	0.0	0.076440658	0.045940692000000005	0.036969541	0.054119157	0.004350655	0.058126312	0.025511035	0.024260518	0.0	0.024182366	0.071415474	0.16313747	0.04037279	0.0	0.08511376300000001	0.025683324	0.041666468	0.014942273999999998	0.0	0.0
Set-13-4-T	0.106369012	0.0	0.09213729699999999	0.0	0.0	0.044383635	0.0	0.0	0.034018778	0.034290845	0.01372013	0.0	0.091772831	0.015452491	0.05710024	0.07392372700000001	0.025009366	0.0	0.041848645	0.025004107999999997	0.07142719900000001	0.08613730300000001	0.0	0.081595055	0.0	0.012469214	0.028650457999999997	0.053396923	0.011292743000000001
Set-13-5-N	0.10208569699999999	0.0	0.0	0.0	0.02061182	0.0	0.0	0.07440812299999999	0.002801912	0.013248501000000001	0.064738593	0.0	0.080038198	0.0099994	0.053864754	0.067671865	0.018531666999999998	0.0	0.052228697000000004	0.103145239	0.089882541	0.012678163000000001	0.0	0.170561495	0.005335865	0.005652427	0.017371998	0.000667649	0.034475396
Set-13-6-T	0.14965483599999999	0.0	0.113744789	0.0	0.011256301000000002	0.08183660400000001	0.0	0.07361121400000001	0.0	0.0026404740000000003	0.0	0.006167219	0.070611859	0.0	0.010940327	0.004074982	0.09514190900000001	0.0	0.056730290999999995	0.093477504	0.074453513	0.058615701	0.0	0.08047129	0.005336275	0.011234912	0.0	0.0	0.0
Set-13-7-N	0.166858747	0.0	0.0	0.0	0.0	0.031815307	0.0	0.057606724000000005	0.014768735	0.0	0.010715391999999999	0.039639519	0.076341233	0.0	0.067290981	0.07685655799999999	0.032285341	0.0	0.015801585	0.054462458	0.07541160599999999	0.040988307	0.0	0.16065701699999999	0.026060115	0.0	0.0	0.052440375	0.0
Set-13-8-T	0.112899266	0.0	0.0	0.0	0.0	0.0	0.0	0.102331735	0.09384337699999999	0.013797028000000001	0.013278705	0.016052791	0.07643724	0.028161644	0.037707712000000004	0.028022948	0.038537976	0.0	0.033756785	0.092364646	0.089583726	0.085388638	0.0	0.07925196	0.02826448	0.01586943	0.0	0.013693735	0.000756177
Set-13-9-N	0.109795306	0.0	0.023427157	0.0	0.0	0.0	0.0	0.0	0.040931567	0.05435283	0.003373761	0.0	0.05869102599999999	0.0	0.078573899	0.082848429	0.06998183599999999	0.0	0.03590537	0.076971604	0.11398176300000001	0.042753645	0.0	0.07869967900000001	0.024635	0.04904045	0.00026377400000000004	0.055772903	0.0
Set-13-10-T	0.098458961	0.0	0.0	0.040597935	0.28899416	0.0	0.0	0.0	0.016310725	0.036912834	0.0	0.06027335599999999	0.09621365	0.009389453	0.034371426000000004	0.021177667999999997	0.024230029	0.0	0.063598339	0.009317218	0.050860527	0.033803698	0.0	0.055450279000000005	0.013066373999999999	0.023645711	0.0	0.020924343	0.002403315
Set-14-1-N	0.10616897199999999	0.0	0.015835474	0.064844115	0.0	0.0	0.0	0.0	0.051310470999999996	0.048765067	0.022157627000000003	0.0	0.081412805	0.034310297000000003	0.08435492300000001	0.016372187	0.023200521	0.0	0.026831828999999998	0.098652144	0.067421325	0.058118888	0.0	0.128556337	0.0	0.0	0.017298891	0.0	0.054388125999999995
Set-14-2-T	0.119811036	0.0	0.0	0.12112594800000001	0.0	0.110129644	0.0	0.092538657	0.0	0.011304112	0.04735466	0.02955175	0.078156012	0.052638992999999995	0.00315384	0.020115183999999998	0.090195851	0.0	0.051780964000000006	0.0	0.046031045	0.064218523	0.0	0.027198787000000002	0.034694994	0.0	0.0	0.0	0.0
Set-14-3-N	0.056759212999999996	0.0	0.083588555	0.014447804	0.043186373	0.0	0.0	0.0	0.041033957999999995	0.047801698	0.0	0.027968302	0.039649024	0.077633784	0.091840923	0.071197705	0.089011643	0.0	0.062314158	0.0	0.049581399000000005	0.06145041	0.0	0.038864313	0.056167054	0.0	0.023312028	0.0	0.024191654
Set-14-4-T	0.17618519800000002	0.0	0.0	0.028290924	0.0	0.026590122	0.0	0.086269002	0.007510141999999999	0.015386857	0.028843608	0.079108647	0.030712751	0.020416046	0.02961572	0.083991419	0.054695672	0.0	0.050317281	0.009452726	0.043703285	0.049231675999999995	0.0	0.035230716	0.085052564	0.0	0.030034923999999998	0.029360722000000002	0.0
Set-14-5-N	0.09786500699999999	0.0	0.010148972	0.050265255	0.0	0.06317295	0.0	0.0	0.012230712	0.072213511	0.092139506	0.0	0.08265554	0.034502926	0.025892204	0.031985106	0.056537927	0.0	0.051948376	0.038981295	0.038977838	0.061907507	0.0	0.062733976	0.070982795	0.0	0.03276153	0.0	0.012097066
Set-14-6-T	0.163454268	0.0	0.0	0.045561832999999996	0.035571277000000005	0.061653253	0.005325885	0.0	0.043838416	0.0	0.103963616	0.032213869	0.024774099999999997	0.039469804	0.016626865	0.022518171	0.055476294	0.0	0.090799941	0.0	0.06131001	0.030359776	0.0	0.041131045	0.09709058599999999	0.0	0.0	0.018130316	0.010730676000000001
Set-14-7-N	0.089720316	0.0	0.0	0.007843144	0.0	0.0	0.0	0.0	0.040913101	0.074509855	0.081797361	0.09456575699999999	0.061288090999999996	0.0	0.0	0.0	0.067464363	0.0	0.049331134000000006	0.0	0.083336677	0.13561889	0.0	0.0	0.061908962000000005	0.039462666	0.063583604	0.039129096	0.009526983000000001
Set-14-8-T	0.12751789300000002	0.0	0.0	0.18211136100000003	0.0	0.05587391	0.0	0.07890928	0.041575969	0.035325257	0.039484043999999996	0.039673194	0.047961304	0.0074533609999999995	0.025095952	0.034707021	0.035218128	0.0	0.05788117	0.022428245	0.030621232	0.040622414	0.0	0.053936679	0.043603587	0.0	0.0	0.0	0.0
Set-14-9-N	0.156217366	0.0	0.0021307410000000002	0.073279635	0.0	0.0	0.0	0.0	0.074138731	0.055466365999999996	0.101589557	0.07404105799999999	0.0615352	0.0	0.060310477	0.045634789	0.012188798999999998	0.0	0.022630712	0.0	0.037276105	0.128764448	0.020927045	0.050843275	0.006259676	0.0	0.0	0.016766021000000002	0.0
Set-14-10-T	0.12260051	0.0	0.0	0.027263948	0.0	0.049775862000000004	0.0	0.0	0.10784167800000001	0.012770707	0.069873642	0.071227176	0.032063443999999997	0.013035811000000001	0.060986978	0.054197466	0.019508787	0.0	0.082631368	0.037628946	0.052670628	0.027157942	0.0	0.006471705	0.063878648	0.0	0.035798337	0.047482384	0.005134031
Set-15-1-N	0.12639736099999999	0.0	0.0	0.027241944	0.0	0.0	0.0	0.056357923	0.041825285	0.09859586099999999	0.0005843490000000001	0.011952889	0.073921961	0.0	0.08131781099999999	0.082407849	0.083814795	0.0	0.023220776000000002	0.070033975	0.066318324	0.008149277	0.0	0.106184426	0.0	0.013373403	0.0	0.010840448999999999	0.01746134
Set-15-2-T	0.107366117	0.0	0.0	0.0	0.0	0.0	0.0	0.0	0.136406591	0.012560687	0.014237888999999998	0.0	0.015523638000000001	0.0	0.07221872900000001	0.010259326	0.020614483	0.0	0.065372246	0.116061341	0.108478139	0.063290159	0.0	0.10198924	0.0	0.076556446	0.039910806	0.033552072999999995	0.00560209
Set-15-3-N	0.102321119	0.0	0.0	0.0	0.0	0.0	0.0	0.038618377999999995	0.011839752	0.08523947400000001	0.027192399	0.043513188	0.0	0.00373444	0.04804409	0.045233295	0.038260122	0.0	0.009855151999999999	0.062423585999999996	0.078665369	0.008033199	0.0	0.18867909	0.0033561579999999997	0.08908404800000001	0.029511622999999997	0.044626289000000006	0.041769228
Set-15-4-T	0.065545065	0.014156096000000002	0.0	0.0	0.0	0.115309278	0.0	0.053596727999999996	0.091952251	0.049975607000000005	0.010239187	0.0	0.010582207	0.0	0.05976791099999999	0.0036456740000000002	0.04276057	0.0	0.029122547999999998	0.09851650599999999	0.105482586	0.061062186	0.0	0.11429829300000001	0.0	0.031841667000000004	0.0	0.042145641	0.0
Set-15-5-N	0.085973052	0.0	0.0	0.011194243000000001	0.0	0.0	0.0	0.030741763	0.038069485	0.02898681	0.0	0.030966721000000003	0.067558083	0.0	0.074896815	0.06948114	0.036378079	0.0	0.029108647	0.073733246	0.100366107	0.07185679	0.0	0.12861591	0.0	0.042090607	0.006584899999999999	0.03796674	0.035430864
Set-15-6-T	0.085185594	0.0	0.049379234	0.0	0.0	0.126571225	0.0	0.047859730999999996	0.166809648	0.049254877999999995	0.000568423	0.0	0.009907055	0.0	0.043010362	0.012592793	0.042787810999999995	0.0	0.000571133	0.048905517	0.087996417	0.024792328	0.0	0.09944590699999999	0.0	0.046093598	0.020752258	0.024357397000000003	0.013158686999999999
Set-15-7-N	0.065850655	0.009425442	0.017913043	0.0	0.0	0.0	0.0	0.066608113	0.002708339	0.072705283	0.056618651	0.0	0.07195994900000001	0.006908996999999999	0.05891841900000001	0.02778379	0.046443229	0.0	0.044597915	0.051343226	0.12277925599999999	0.026278732000000003	0.0	0.10903413599999999	0.0	0.0731485	0.053335625	0.004801235	0.010837465
Set-15-8-T	0.09736902900000001	0.0	0.015442175	0.08679987199999999	0.020305834	0.0	0.0	0.0	0.136457581	0.005075616	0.045259720999999996	0.0	0.064152855	0.0	0.052912130999999994	0.03909902	0.007378514	0.0	0.052129624000000006	0.092499457	0.050260797999999995	0.04551568	0.0	0.094197012	0.020388098	0.012686468000000001	0.005222121	0.016703303	0.04014509
Set-15-9-N	0.06247222400000001	0.022602708	0.134686332	0.014522773000000001	0.0	0.0	0.0	0.022339467000000002	0.010097585	0.019057445	0.0	0.0	0.044142215	0.0	0.054613705	0.061818632000000005	0.030801011	0.0	0.007534686	0.057480696	0.114324124	0.014874678999999998	0.0	0.157099984	0.01541786	0.065293294	0.03462608	0.054992694	0.0012018060000000001
Set-15-10-T	0.049807424	0.0	0.034293757	0.0	0.0	0.0	0.0	0.089748885	0.212409304	0.0064853440000000005	0.042463427000000005	0.0	0.060254214	0.018421586	0.054691229	0.048398777000000004	0.021452027000000002	0.0	0.029543136	0.06451878	0.048531707	0.024176068999999998	0.0	0.10277249599999999	0.0	0.011501233999999999	0.021411526	0.04807581	0.01104327
Set-16-1-N	0.02761658	0.0	0.0	0.034307517	0.0	0.0	0.0	0.0	0.056829034	0.0	0.055808273	0.003687362	0.011428436	0.083784108	0.066475828	0.107160256	0.134050754	0.0	0.041487872	0.0	0.05277967	0.114256531	0.0	0.028957177	0.08564378199999999	0.0	0.041520728	0.0	0.054206094
Set-16-2-T	0.126753397	0.0	0.0	0.058155825	0.0	0.09151805	0.0	0.0	0.069061861	0.063739268	0.023280559	0.028161457999999997	0.094427561	0.05490281599999999	0.0	0.065400956	0.026664787000000002	0.0	0.098177246	0.0	0.035195893	0.037246133	0.0	0.079421772	0.009191653000000001	0.004443539	0.0	0.0	0.034257227
Set-16-3-N	0.103767435	0.0	0.0	0.050025174000000006	0.0	0.06468775	0.060497338	0.0	0.029129745	0.0	0.0	0.00822066	0.064182456	0.061925525999999995	0.09896796599999999	0.0037724029999999997	0.147920413	0.0	0.066503185	0.053670942	0.034808155	0.019222766999999998	0.0	0.001024507	0.09415829199999999	0.0	0.0	0.0	0.037515286
Set-16-4-T	0.072257208	0.0	0.040253791000000004	0.014398561	0.07163284	0.1544448	0.0	0.0	0.0	0.010006649	0.048395229000000005	0.036321308999999996	0.11128858900000001	0.09184830599999999	0.068809862	0.073682691	0.079437017	0.001420824	0.057837169	0.0	0.0	0.025856982999999997	0.033465353999999996	0.000929441	0.007713376	0.0	0.0	0.0	0.0
Set-16-5-N	0.078185531	0.0	0.0	0.0	0.0	0.070975238	0.0	0.0	0.10984794099999999	0.009661069	0.020419833999999998	0.108973355	0.037075101	0.084785511	0.0530285	0.022171768999999997	0.031395404	0.0	0.049755935	0.053701810999999995	0.09279456400000001	0.054601084	0.0	0.0	0.050773760999999994	0.0	0.065428497	0.006425096	0.0
Set-16-6-T	0.085837975	0.0	0.083617218	0.053937299	0.02001049	0.092565265	0.0	0.0	0.0	0.065381329	0.031547942	0.062480202	0.023971271000000002	0.015750815	0.001800039	0.10250122800000001	0.037427148	0.0	0.043404516	0.0	0.053400830999999996	0.133624038	0.0	0.010606582	0.00255548	0.0	0.03125066	0.039196523	0.009133148
Set-16-7-N	0.105134312	0.0	0.10837162800000001	0.036898213	0.0	0.036806959	0.008730412	0.0	0.00120783	0.105140993	0.016899775	0.054519015	0.0	0.026349888	0.0	0.0	0.114679045	0.0	0.07926685900000001	0.003998973	0.108161704	0.101810728	0.0	0.051825678	0.025831668999999998	0.0	0.0	0.014366318999999999	0.0
Set-16-8-T	0.11359277699999999	0.0	0.08796391699999999	0.076991911	0.02950762	0.078110515	0.0	0.0	0.097853515	0.022544974	0.004857319000000001	0.036705836	0.007190146999999999	0.075237153	0.050772619000000005	0.002100135	0.057939985	0.0	0.095746447	0.0	0.056094067000000004	0.025487457999999998	0.0	0.081303604	0.0	0.0	0.0	0.0	0.0
Set-16-9-N	0.137421293	0.0	0.0	0.034383974	0.0032581940000000003	0.066728838	0.0	0.0	0.045376702000000005	0.056185199000000005	0.026866968999999997	0.0	0.01707317	0.034395044	0.062859995	0.0	0.136918615	0.0	0.061710238	0.0	0.10250327599999999	0.013318182	0.013334387	0.0	0.097977705	0.0	0.049259423	0.0	0.040428797
Set-16-10-T	0.084349489	0.0	0.08705836199999999	0.021941804	0.036529578	0.013372179	0.0	0.0	0.137721543	0.033134484	0.0066296309999999995	0.00296468	0.028225608	0.050209181	0.060485946	0.030297279	0.022904459	0.0	0.091079221	0.0	0.088850112	0.036949194	0.0	0.051544085	0.07834187299999999	0.0	0.0	0.0	0.037411293
Set-17-1-N	0.064233551	0.06872550599999999	0.0	0.0	0.0	0.0	0.0	0.0	0.0	0.075632429	0.059323605	0.013006395	0.0071911119999999995	0.046663699	0.008881607	0.067146969	0.011313209	0.0	0.0	0.042959658	0.08721995699999999	0.0	0.14713178400000002	0.04799341	0.029311321	0.036508694	0.0	0.082276928	0.104480166
Set-17-2-T	0.11623031199999999	0.09513658400000001	0.106029134	0.0	0.0	0.0	0.0	0.0	0.0	0.04502854	0.016900283999999998	0.0	0.030861712000000003	0.051137894	0.008645883	0.055543265	0.035354704	0.0	0.0	0.0	0.068107175	0.0	0.104068646	0.024211849	0.073168973	0.015079651000000001	0.0	0.043714073	0.11078132199999999
Set-17-3-N	0.025112343	0.037463444	0.010806535	0.0	0.0	0.0	0.0	0.0	0.025599635	0.081923581	0.042626721	0.0	0.0	0.07665709700000001	0.070491564	0.056137734	0.0	0.0	0.0	0.048240095	0.135606017	0.0	0.116357062	0.025815606	0.080000886	0.0	0.0	0.063237494	0.10392418699999999
Set-17-4-T	0.059654415	0.105151328	0.16838117100000002	0.0	0.0	0.0	0.0	0.0	0.0	0.04444422	0.04915129	0.0	0.019353161	0.012681979	0.01325761	0.054853272	0.026120017000000002	0.0	0.0	0.022434778	0.043377738	0.0	0.127376435	0.031657865	0.073074504	0.0	0.0	0.059715823	0.089314395
Set-17-5-N	0.029777056	0.05510329	0.010233131999999999	0.0	0.0	0.0	0.0	0.0	0.0	0.078505059	0.069537677	0.010051022	0.022678397000000003	0.070628408	0.001246479	0.086020796	0.007910636	0.0	0.0	0.016481691	0.08615089999999999	0.0	0.103328125	0.053152095	0.035783655	0.054832734	0.0	0.103719541	0.104859306
Set-17-6-T	0.059150525	0.116256709	0.0	0.0	0.0	0.0	0.0	0.0	0.099098423	0.039196969	0.02495632	0.035473597	0.0	0.058526598	0.031917157	0.037462142000000004	0.020491209	0.0	0.0	0.04689671	0.09201207	0.0	0.12171856	0.035443224	0.041211185	0.017586007	0.0	0.061502102999999995	0.06110049099999999
Set-17-7-N	0.033515355	0.007515946999999999	0.0	0.0	0.0	0.0	0.0	0.0	0.032365691	0.056922800999999995	0.067443942	0.0	0.01995622	0.044841154	0.063717356	0.08797993	0.051423317999999996	0.0	0.0	0.041917357999999995	0.059350164000000004	0.0	0.149386262	0.033234468999999996	0.029957717000000002	0.031654628	0.0	0.057436938	0.131380749
Set-17-8-T	0.04623179	0.034544247	0.004426524	0.0	0.0	0.0	0.0	0.0	0.018875185	0.12708820699999998	0.021905447999999998	0.030354176	0.014912014	0.034138442000000005	0.060952136	0.093971162	0.006058772	0.0	0.0	0.0	0.056529602000000005	0.0	0.14931793699999998	0.07409440099999999	0.06623615599999999	0.009709552	0.0	0.05995082400000001	0.09070342599999999
Set-17-9-N	0.001476779	0.007740238000000001	0.0	0.0	0.0	0.0	0.0	0.0	0.028927124	0.100685753	0.00934799	0.021502977000000003	0.0	0.069688014	0.013804546000000001	0.041978052	0.070106116	0.0	0.0	0.078873643	0.052221255	0.0	0.13022353	0.050414332	0.09265448300000001	0.025149917	0.0	0.098491274	0.106713978
Set-17-10-T	0.041995372999999996	0.096655764	0.026669136	0.0	0.0	0.0	0.0	0.0	0.167999355	0.049596969000000005	0.035188659	0.0	0.020053363	0.04289793099999999	0.0	0.049158805	0.0	0.0	0.0	0.04465133	0.079842916	0.0	0.10469436	0.035958838	0.024741358999999997	0.032619622	0.0	0.065965686	0.081310533
Set-18-1-N	0.10122523800000001	0.0	0.046796893	0.01009162	0.0	0.018151728	0.0	0.0	0.105286045	0.0	0.0	0.007871323000000001	0.067934833	0.081107585	0.069267564	0.073775336	0.08730985699999999	0.0	0.04996773400000001	0.0	0.024229935	0.054870814000000004	0.0	0.018966198	0.10858974800000001	0.0	0.0	0.009495766999999999	0.065061781
Set-18-2-T	0.122608089	0.0	0.046161336	0.065950912	0.0	0.11968143699999999	0.0	0.0	0.06869431200000001	0.005444116	0.036414736	0.010633025	0.0	0.022253132999999998	0.050509782999999996	0.071986333	0.10179086400000001	0.0	0.05975497900000001	0.00356961	0.066590017	0.034878583	0.0	0.0	0.061332225	0.0	0.02949858	0.022247931000000002	0.0
Set-18-3-N	0.07603291200000001	0.0	0.020240425	0.0	0.0	0.072393652	0.0	0.0	0.029645537000000003	0.044347585	0.03111237	0.006935384	0.053383003	0.056372295	0.088063216	0.062424147	0.072440133	0.0	0.046672240999999996	0.0	0.022798707999999997	0.102561855	0.0	0.0	0.051834117	0.0	0.057067473	0.054330217	0.051344731
Set-18-4-T	0.119787987	0.0	0.12233879800000001	0.060512424	0.0	0.09230810699999999	0.0	0.0	0.0	0.00327509	0.017844273	0.076363631	0.014286871000000001	0.074698408	0.022554044	0.00703642	0.097915345	0.0	0.043620680999999994	0.026855697999999997	0.075383388	0.078459977	0.0	0.043601611	0.005905105999999999	0.0	0.0	0.005520097	0.011732043999999999
Set-18-5-N	0.09371181099999999	0.0	0.018027795	0.017028392	0.02040809	0.036446078	0.0	0.0	0.071794944	0.024388978	0.043364965	0.06369092	0.047059027999999996	0.026118412999999997	0.05713375	0.02477094	0.07437712099999999	0.0	0.057522844000000004	0.062330675	0.09516342300000001	0.091552189	0.0	0.023959104	0.0	0.0070786930000000005	0.0	0.015433556000000001	0.028638293999999998
Set-18-6-T	0.13347114	0.0	0.082411928	0.027017839	0.240420739	0.016911575	0.0	0.0	0.00029210099999999996	0.015457694	0.04580215	0.012309438	0.061016947	0.0	0.047007417	0.056440025	0.060543462	0.0	0.037290989	0.0	0.0	0.045255157000000004	0.0	0.026923316	0.06474758	0.0	0.0	0.0	0.026680501000000002
Set-18-7-N	0.10642928	0.0	0.139851575	0.021147396000000002	0.010861408999999999	0.008966264	0.0	0.0	0.08196377	0.058734	0.024342655	0.058301365	0.0	0.0	0.062281977	0.036620405	0.03041082	0.0	0.016854838	0.0	0.096490567	0.074042967	0.0	0.034162952999999996	0.058914878	0.0	0.02174553	0.057877350999999994	0.0
Set-18-8-T	0.077611742	0.0	0.053065229000000005	0.026023416	0.0	0.109718632	0.0	0.0	0.11557200599999999	0.039517364	0.022893387	0.0	0.044765625999999996	0.033832229	0.011221345	0.018402874	0.054380393	0.0	0.007485383000000001	0.061146635	0.071674266	0.06698486	0.0	0.065496452	0.028445185	0.0038906229999999997	0.058821704	0.024899835	0.004150815
Set-18-9-N	0.12228285900000001	0.0	0.0	0.041255366	0.0	0.037943898999999996	0.0	0.0	0.045502245999999996	0.10462116800000001	0.000983231	0.0	0.008645358	0.066230096	0.098492495	0.06025359	0.045686445	0.0	0.04345737	0.0	0.046636936	0.08664110300000001	0.0	0.020174391	0.06590641	0.0	0.056411370999999995	0.033544307	0.015331356
Set-18-10-T	0.094885784	0.0	0.093526198	0.077252559	0.038353883	0.074838318	0.0	0.0	0.044371321	0.010515198	0.043644443	0.0	0.0	0.001558642	0.069615397	0.0	0.07114635400000001	0.0	0.080371243	0.0	0.089900106	0.096629504	0.0	0.009929236	0.072977108	0.0	0.011252976999999999	0.019231729	0.0
Set-19-1-N	0.10793385300000001	0.0	0.083191423	0.029349447999999997	0.030609004	0.103768056	0.0	0.0	0.017286978	0.0	0.014778578999999998	0.0	0.03306689	0.105750571	0.069452284	0.027612179	0.105443074	0.0	0.053924047999999995	0.0	0.084048346	0.13378526699999999	0.0	0.0	0.0	0.0	0.0	0.0	0.0
Set-19-2-T	0.15677334199999998	0.0	0.0	0.063680919	0.018558852	0.151003568	0.0	0.0	0.027103952999999997	0.0	0.031153219	0.0	0.033413246	0.013586548	0.0	0.10671923	0.137124153	0.0	0.060012349000000006	0.038007057999999996	0.05650403	0.06264487099999999	0.0	0.0	0.0	0.0	0.0	0.0	0.043714663
Set-19-3-N	0.10588548800000001	0.0	0.0	0.029873745	0.055576920999999994	0.023845877	0.0	0.0	0.04576888900000001	0.024398909	0.038282395	0.0	0.054109218	0.035384152	0.0	0.010241403	0.146528476	0.0	0.057248086	0.0	0.100454228	0.09994280300000001	0.0	0.045120670999999994	0.086625928	0.014853516	0.0	0.025859295	0.0
Set-19-4-T	0.202346547	0.0	0.030514753999999998	0.092353295	0.021048902	0.053898370999999994	0.0	0.0	0.049815183	0.0	0.074466858	0.0	0.040160081	0.055819348	0.0	0.000498168	0.068278012	0.0	0.077637746	0.0	0.134702096	0.05787762900000001	0.0	0.0	0.040583008999999996	0.0	0.0	0.0	0.0
Set-19-5-N	0.088829561	0.0	0.047495748	0.017737152	0.0	0.100952708	0.0	0.0	0.055685425	0.0	0.10003623099999999	0.0	0.061995413	0.040803465	0.007009356	0.067382025	0.073451222	0.0	0.078035151	0.0	0.07985307900000001	0.092796806	0.0	0.043887614000000005	0.044049044	0.0	0.0	0.0	0.0
Set-19-6-T	0.114692845	0.0	0.044081772000000005	0.09086419999999999	0.082932609	0.133103296	0.0	0.0	0.021830794	0.015473718000000001	0.099325507	0.0	0.008599141	0.0016005070000000001	0.0	0.0	0.039474794	0.0	0.08528320199999999	0.0	0.056134919000000005	0.043071559	0.0	0.077863789	0.085667348	0.0	0.0	0.0	0.0
Set-19-7-N	0.10659658400000001	0.0	0.0	0.07626926	0.035027943	0.030601222999999997	0.0	0.0	0.0	0.084696605	0.066554265	0.038318655	0.033541271	0.032469233	0.039579472000000004	0.0	0.100543424	0.0	0.045007822999999995	0.001392764	0.090458331	0.08481404099999999	0.0	0.064945605	0.01539452	0.0	0.01151588	0.0	0.042273099
Set-19-8-T	0.105511563	0.0	0.013997728999999999	0.01752933	0.049710822	0.119947573	0.0	0.0	0.0	0.038369291	0.0	0.052498183	0.049704446	0.070642024	0.0	0.058275013	0.031908913	0.0	0.049410828	0.0	0.049682679	0.115105735	0.0	0.056231002	0.088320651	0.0	0.02364769	0.009506529	0.0
Set-20-1-N	0.05799142400000001	0.0	0.0	0.016963874	0.020840867	0.133423665	0.0	0.0	0.0	0.064860887	0.052329177000000004	0.0	0.023801027000000002	0.215563458	0.0	0.040329778999999996	0.054237115	0.0	0.0	0.0	0.062791174	0.08491527300000001	0.087143698	0.0	0.058072458	0.0	0.012427539	0.0	0.014308587
Set-20-2-T	0.09363715800000001	0.0	0.026320761	0.0	0.0	0.235807989	0.0	0.0	0.0	0.076826998	0.02374929	0.013395983	0.018761306999999998	0.090934296	0.02160902	0.057908067	0.056736232000000004	0.0	0.0	0.013362468	0.08553257800000001	0.042977299000000004	0.017972332	0.022056627999999998	0.018559275	0.008756964	0.024237776000000003	0.020854678	0.030002902
Set-20-3-N	0.100236646	0.0	0.0	0.014381403999999999	0.105912332	0.121430047	0.0	0.0	0.0	0.0	0.08996555199999999	0.001450932	0.02338694	0.18200223899999998	0.0	0.061817030999999995	0.074451357	0.0	0.0	0.0	0.053952887000000005	0.023608024	0.021539687000000002	0.0	0.12024910300000001	0.0	0.0	0.0	0.005615818000000001
Set-20-4-T	0.174863524	0.0	0.001871372	0.0	0.0	0.0	0.0	0.052049317000000005	0.0	0.10295461199999999	0.00059375	0.038864623	0.029729381000000003	0.073360925	0.010287296	0.040686159	0.02208855	0.0	0.0	0.012608006000000001	0.078026816	0.095128966	0.064078419	0.0	0.060738608	0.021404412999999997	0.0	0.065503382	0.055161880999999996
Set-20-5-N	0.007551846	0.0	0.0	0.0	0.12371023800000001	0.078958683	0.0	0.0	0.0	0.017332621	0.148860479	0.06307627	0.0	0.14464583	0.004939488	0.040137914	0.18967250600000002	0.0	0.0	0.0	0.043378676	0.002723728	0.01355946	0.0	0.077982781	0.0	0.0	0.0	0.043469481
Set-20-6-T	0.155035893	0.0	0.0	0.0	0.046180313	0.16324522800000002	0.0	0.0	0.0	0.042157075	0.061610013	0.039972763	0.029333856000000002	0.114344099	0.0	0.052365824000000005	0.07608440799999999	0.0	0.0	0.0	0.057563005	0.06864572099999999	0.013789485	0.0	0.059801059000000004	0.0	0.0	0.0	0.019871258
Set-20-7-N	0.107054265	0.0	0.030478769	0.00015757	0.063643646	0.079661917	0.0	0.0	0.0	0.005255078000000001	0.06872292	0.012687473999999999	0.053162844	0.12078539	0.0	0.065400341	0.014957775	0.0	0.0	0.0	0.035920064	0.047807063	0.17940245600000002	0.0	0.114902428	0.0	0.0	0.0	0.0
Set-20-8-T	0.186239353	0.0	0.0	0.014733926999999999	0.027796781	0.080883459	0.0	0.0	0.008632075999999999	0.049184794000000004	0.063992961	0.029794536	0.006582856	0.11036206800000001	0.0	0.053199128	0.056899164	0.0	0.0	0.0	0.042768984	0.081950967	0.051406144	0.0	0.06669754	0.0	0.021308623	0.014446937	0.033119704
Set-20-9-N	0.09566454199999999	0.0	0.0	0.04417185	0.024169956	0.111247131	0.0	0.0	0.0	0.009876246	0.032609866	0.0	0.047771699	0.171661588	0.0	0.080608027	0.054627395999999995	0.0	0.0	0.0	0.08661821900000001	0.091012356	0.03369169	0.0	0.11246105199999999	0.0	0.0	0.0	0.0038083809999999996
Set-20-10-T	0.228712458	0.0	0.012223106000000001	0.0	0.024032237	0.052187671	0.0	0.0	0.0	0.053787234	0.023744563	0.099691289	0.06365596700000001	0.101053788	0.047031977	0.05102986599999999	0.048154881	0.0	0.0	0.0	0.014392776999999999	0.038843689	0.020158576	0.039272783	0.044401417	0.0	0.0	0.037625722	0.0
Set-21-1-N	0.09458056599999999	0.0	0.0	0.03802352	0.036599741	0.119148406	0.0	0.0	0.016393352	0.0	0.065007077	0.002700698	0.08977681400000001	0.095759195	0.0	0.022968419	0.091951585	0.0	0.075570387	0.031169962000000002	0.019626071000000002	0.10014126599999999	0.0	0.0	0.061309879000000005	0.0	0.031426157999999996	0.007846905999999999	0.0
Set-21-2-T	0.115039628	0.0	0.020233524	0.069377206	0.0	0.16557198199999998	0.0	0.0	0.0	0.02370777	0.057546435	0.046205675	0.070706256	0.104940022	0.043780886	0.027718787999999998	0.036357229	0.0	0.045022947	0.0	0.005752295	0.13705531699999998	0.0	0.0	0.01594145	0.0	0.006671838	0.008370753	0.0
Set-21-3-N	0.086305525	0.0	0.0	0.08057273400000001	0.028754922999999998	0.074970231	0.0	0.0	0.0	0.0	0.041950325	0.0	0.018166013999999998	0.141038354	0.0	0.072417231	0.022433015	0.0	0.062286741	0.0	0.071537398	0.119327343	0.0	0.0	0.103839863	0.0	0.075734205	0.0006660980000000001	0.0
Set-21-4-T	0.121359243	0.0	0.037063837999999995	0.041690459	0.067479865	0.170669281	0.0	0.0	0.0	0.048705665999999995	0.054013527	0.0	0.049556615	0.077392274	0.0	0.047500925	0.028507908999999998	0.0	0.031455147	0.0	0.0	0.111915496	0.008758493000000001	0.0	0.086823339	0.0	0.017107924	0.0	0.0
Set-21-5-N	0.149286626	0.0	0.0	0.060647538	0.0	0.043312117000000004	0.0	0.0	0.052858805999999994	0.011846292	0.106779908	0.0	0.013420053999999999	0.07126723	0.057376487999999996	0.029074716	0.041148606000000004	0.0	0.049833499	0.0	0.023766122	0.06123779099999999	0.008994145	0.054544709000000004	0.11128430199999999	0.0	0.0	0.019098713	0.03422234
Set-21-6-T	0.143003229	0.0	0.01939401	0.011177133	0.0	0.068202391	0.0	0.091533186	0.00278642	0.026758799999999996	0.06145478099999999	0.014167609	0.035801249	0.079910332	0.039612562999999996	0.04208186	0.07846121	0.0	0.019813774	0.035673868	0.037181247	0.136279264	0.0	0.0	0.0	0.0	0.029469207	0.02723787	0.0
Set-21-9-N	0.080527585	0.0	0.0	0.054359936	0.062797966	0.092507325	0.0	0.0	0.048456440999999996	0.033883145	0.0	0.019413687	0.039898662	0.082623985	0.072820651	0.0	0.089014033	0.0	0.060286134000000005	0.016797078	0.059220648	0.08211412	0.0	0.060196440999999996	0.014050055	0.0	0.014488982	0.0	0.016543128
Set-21-10-T	0.130715931	0.0	0.0	0.0	0.0	0.079369758	0.0	0.032182116000000004	0.054590663	0.058949622	0.016214276	0.0	0.06915611	0.096728139	0.028516579	0.010912007	0.109219524	0.0	0.033328486000000004	0.021094726	0.104338026	0.083853108	0.0	0.022332441	0.015754498999999998	0.0	0.0	0.03274399	0.0
Set-22-1-N	0.100634824	0.0	0.07895713900000001	0.06350052	0.0	0.040600847	0.0	0.0	0.074975497	0.033644203	0.04334515	0.064644323	0.056566172000000005	0.0	0.0	0.08523825	0.020246703	0.0	0.044840479	0.0	0.091794506	0.042920892	0.0	0.066405331	0.050610555999999994	0.0	0.01121044	0.027437611	0.002426557
Set-22-2-T	0.12417371699999999	0.0	0.102088947	0.059196730999999995	0.039952086	0.056087143	0.0	0.0	0.022181525	0.018273863	0.0	0.039627096	0.045664897	0.0	0.0	0.064641985	0.102105085	0.0	0.023480926000000003	0.040915872	0.056330162	0.058720303	0.0	0.114184325	0.0	0.0	0.0	0.0026647859999999997	0.02971055
Set-22-3-N	0.12229806300000001	0.0	0.0	0.051712794000000006	0.0	0.06403402799999999	0.0	0.0	0.031820349	0.07014645	0.020771553999999998	0.007947953	0.011044633	0.054028634000000006	0.01877065	0.081770694	0.071284283	0.0	0.042760043	0.014634173	0.079594916	0.102959096	0.0	0.060275998	0.060575985	0.0	0.00901977	0.0	0.024549934
Set-22-4-T	0.139562106	0.0	0.0	0.020672098	0.212051994	0.019807208	0.0	0.0	0.0	0.067736508	0.089083291	0.00021867700000000002	0.07434433	0.062464023	0.0	0.04241542	0.100189827	0.0	0.063781682	0.0	0.0	0.057603607	0.0	0.007161249000000001	0.042907981	0.0	0.0	0.0	0.0
Set-22-5-N	0.066189997	0.0	0.036573139	0.0130232	0.0	0.00508548	0.0	0.0	0.096642122	0.016100728999999998	0.049080766	0.0	0.0	0.05926946599999999	0.004201694000000001	0.024593632999999997	0.132218648	0.0	0.066180931	0.0	0.11124140800000001	0.13128878300000002	0.0	0.125125357	0.048923043	0.0	0.0	0.0	0.014261603999999999
Set-22-6-T	0.088366446	0.0	0.0	0.041717312	0.0	0.06790203	0.0	0.0	0.208971762	0.0	0.0	0.026257727999999998	0.078514615	0.068349479	0.06349610900000001	0.001418489	0.042652939	0.0	0.05514166	0.0	0.05885099	0.10297042199999999	0.0	0.033014346	0.0	0.0	0.0	0.0	0.062375673
Set-22-7-N	0.058138447999999995	0.0	0.0	0.027306825	0.053488257000000004	0.0	0.0	0.0	0.0	0.044700184000000004	0.091898698	0.06335521	0.051919674000000006	0.034756429	0.020545086	0.027902422000000003	0.117135708	0.0	0.062812925	0.01383989	0.073390182	0.036793848999999997	0.0	0.1038731	0.007322608	0.0	0.038280204	0.021723286	0.050817016
Set-22-8-T	0.110247531	0.0	0.04532445400000001	0.082061715	0.0	0.031903995	0.0	0.0	0.0	0.05921162	0.01276235	0.047710481	0.04743284	0.055778722	0.046450995999999994	0.060887801	0.020978973999999997	0.0	0.050658805	0.051365232000000004	0.11383534199999999	0.054121490999999994	0.0	0.054672707	0.023984993	0.0	0.0	0.030609951	0.0
Set-22-9-N	0.132432649	0.0	0.0	0.042024877	0.0	0.042827215	0.0	0.0	0.0	0.045986567	0.112269168	0.0	0.044020392	0.0	0.010968833	0.013959661000000002	0.077875942	0.0	0.052321337999999995	0.040025657	0.044662985999999995	0.11636241	0.0	0.017745474	0.067663696	0.0	0.07345623	0.005131943	0.06026496
Set-22-10-T	0.14795237	0.0	0.04317358599999999	0.008666001999999999	0.0	0.0052878859999999995	0.0	0.0	0.193349066	0.05097488	0.036174487000000005	0.024246273	0.0	0.05699528400000001	0.0	0.04531372400000001	0.051166007	0.0	0.026046171	0.0	0.09132877699999999	0.074919447	0.0	0.067601146	0.045087207000000004	0.0	0.001278936	0.000991412	0.029447341000000002
Set-23-1-N	0.08791499900000001	0.0	0.0	0.049982645	0.0	0.010591745	0.0	0.06530862400000001	0.007700918	0.011465353999999999	0.005160606	0.008259001	0.025931427000000003	0.0	0.031702859	0.006975667	0.072983453	0.0	0.060724772999999996	0.067652378	0.074138131	0.115477175	0.0	0.149146878	0.008788927	0.027489002000000002	0.004264709	0.006424201	0.10191652699999999
Set-23-2-T	0.129162096	0.0	0.0	0.033469444	0.0	0.087587465	0.0	0.0	0.03628999	0.0	0.0	0.0	0.036493901	0.015996805	0.04061171	0.030173408	0.07831866700000001	0.0	0.031680575	0.046454527999999995	0.123554321	0.07466977400000001	0.0	0.130426729	0.021441336000000002	0.0	0.0	0.0	0.083669251
Set-23-3-N	0.093526225	0.0	0.0	0.052903779000000005	0.0	0.007460512	0.0	0.008537757	0.0	0.044816324000000005	0.015485078000000001	0.013329668000000001	0.027282456	0.049903893	0.014461702	0.07323484	0.036609143999999996	0.0	0.03841047	0.089672252	0.133251734	0.112161121	0.0	0.133418062	0.0	0.0	0.004360793	0.028795294	0.022378896000000002
Set-23-4-T	0.114271854	0.0	0.079182675	0.06812897799999999	0.0051764440000000005	0.07721581599999999	0.0	0.0	0.045224069000000006	0.00022676	0.062184363	0.0	0.036495593	0.032302343	0.015078971000000002	0.011003178999999998	0.042017639	0.0	0.053802051	0.025380377000000003	0.10325300400000001	0.101737075	0.0	0.052980772999999995	0.0142791	0.0	0.014875822	0.026424097	0.018759018
Set-23-5-N	0.148024841	0.0	0.0	0.0	0.0	0.062140903	0.0	0.0	0.054874001	0.010777326	0.0	0.018389966	0.017007961999999998	0.009012244	0.016886082	0.062992452	0.099934594	0.0	0.036429908	0.072140607	0.08611669300000001	0.083766881	0.0	0.052970813	0.048124887000000005	0.034682507	0.025020558999999998	0.0	0.060706773
Set-23-6-T	0.083508902	0.0	0.018732678	0.14188954	0.0	0.12916794	0.0	0.0	0.0	0.0	0.0	0.048220172	0.041504387999999996	0.012754536	0.030238291	0.016312838	0.07678976700000001	0.0	0.057641684000000006	0.014565693999999999	0.09484222099999999	0.068034388	0.0	0.096827831	0.048728772999999996	0.0	0.0	0.0	0.020240357
Set-23-7-N	0.09171363199999999	0.0	0.0	0.004353478	0.030507671	0.074450183	0.0	0.0	0.048274883	0.01473905	0.064590646	0.02094534	0.076337386	0.0077564819999999994	0.0	0.027784762	0.04303687	0.0	0.069752581	0.049660852000000005	0.071308037	0.165925657	0.0	0.09206894	0.0	0.0	0.026239397	0.0	0.02055415
Set-23-8-T	0.146021389	0.0	0.15123293699999998	0.052589082	0.006986614	0.031244136000000002	0.0	0.0	0.0	0.037227373	0.035323445	0.012018814	0.006874985	0.0	0.05728855099999999	0.031849123	0.02020371	0.0	0.033263221	0.044420926	0.062931427	0.032552895	0.0	0.099668735	0.032526642	0.031922712	0.014388712	0.020427426000000002	0.039037146
Set-23-9-N	0.047592137	0.0	0.0	0.06848043	0.0	0.022932268999999998	0.0	0.0	0.0022541189999999997	0.052277357	0.014880866999999999	0.0	0.050132317999999995	0.023897527000000002	0.0	0.018678891	0.061778203	0.0	0.032647908999999996	0.137903169	0.11547630099999999	0.067936198	0.0	0.166252837	0.0	0.011875376000000002	0.038940152	0.042442812999999996	0.023621126
Set-23-10-T	0.139910126	0.0	0.006241529	0.224342845	0.0	0.020159738	0.0	0.0	0.0	0.040156161	0.011827771	0.006875459	0.055933428	0.0	0.028002017	0.013794088999999999	0.00777812	0.0	0.06764442700000001	0.055813021	0.104658322	0.082036026	0.0	0.080597351	0.019315994	0.0	0.014115477	0.0	0.020798099
