P096	1.0,1.2732443e-10,1.0,1.0,1.0,1.0,0.0,1.0,1.0,1.2919111e-15
P043	1.0,0.00016868114,1.0,0.9999999,1.0,1.0,7.967076e-37,1.0,1.0,8.1496273e-07
P062	1.0,6.8104265e-27,1.0,1.0,1.0,1.0,0.0,1.0,1.0,0.0
P068	1.0,6.6431294e-19,1.0,1.0,1.0,1.0,0.0,1.0,1.0,8.863275e-28
P069	0.071591616,1.0,0.94754803,1.0,1.0,0.999804,0.0002065599,1.0,1.0,0.9998912
P007	1.0,4.643507e-21,1.0,1.0,1.0,1.0,0.0,1.0,1.0,2.8962656e-32
P008	1.0,3.521928e-11,1.0,1.0,1.0,1.0,0.0,1.0,1.0,8.3636635e-17
P012	1.0,4.8926115e-12,1.0,1.0,1.0,1.0,0.0,1.0,1.0,3.0691283e-18
P018	1.0,0.0,1.0,1.0,1.0,1.0,0.0,1.0,1.0,0.0
P021	1.0,0.0,1.0,1.0,1.0,1.0,0.0,1.0,1.0,0.0
P023	1.0,5.9539483e-21,1.0,1.0,1.0,1.0,0.0,1.0,1.0,6.5755667e-32
P030	1.0,3.1449963e-23,1.0,1.0,1.0,1.0,0.0,1.0,1.0,5.901288e-35
P034	1.0,0.9999981,1.0,1.0,1.0,1.0,0.0,1.0,1.0,3.6728485e-05
P042	0.29184258,1.0,0.9972434,1.0,0.9992504,0.97919667,0.0034087002,0.9999999,0.9999846,0.99952507
P059	1.0,0.00021594763,1.0,1.0,1.0,1.0,5.25209e-31,1.0,0.9999956,1.8829361e-06
P050	1.0,0.0,1.0,1.0,1.0,1.0,0.0,1.0,1.0,0.0
P011	1.0,6.137975e-38,1.0,1.0,1.0,1.0,0.0,1.0,1.0,0.0
P052	1.0,3.3082347e-38,1.0,1.0,1.0,1.0,0.0,1.0,1.0,0.0
P027	0.6594604,0.7045276,0.8129425,0.42019722,0.26076064,0.37025198,0.57427865,0.5327493,0.4556048,0.8624018
P037	1.0,0.0,1.0,1.0,1.0,1.0,0.0,1.0,1.0,0.0
P032	1.0,0.0,1.0,1.0,1.0,1.0,0.0,1.0,1.0,0.0
P109	1.0,9.2693856e-26,1.0,1.0,1.0,1.0,0.0,1.0,1.0,0.0
P075	0.8113735,0.9999149,5.9709753e-09,0.9259444,0.9999625,4.9996488e-05,0.99999374,0.9999935,1.4097087e-07,0.39348778
P002	0.99999875,0.2625166,0.9999653,0.97518504,0.8886266,0.99999636,5.5481054e-05,0.99871254,0.676911,0.19247884
P097	1.0,3.9062542e-12,1.0,1.0,1.0,1.0,0.0,1.0,1.0,6.2043046e-18
P041	1.0,4.3316045e-31,1.0,1.0,1.0,1.0,0.0,1.0,1.0,0.0
P055	1.0,9.324916e-28,1.0,1.0,1.0,1.0,0.0,1.0,1.0,0.0
P040	1.0,0.0,1.0,1.0,1.0,1.0,0.0,1.0,1.0,0.0
P044	1.0,2.5220917e-08,1.0,1.0,1.0,1.0,0.0,1.0,0.99999976,8.043967e-12
P049	0.98496723,0.36497205,0.9206399,0.6816398,0.62838614,0.9772773,0.16381717,0.8028295,0.30239308,0.30089206
P053	1.0,1.4562841e-24,1.0,1.0,1.0,1.0,0.0,1.0,1.0,5.46365e-36
P060	1.0,5.2953772e-33,1.0,1.0,1.0,1.0,0.0,1.0,1.0,0.0
P014	1.0,0.0,1.0,1.0,1.0,1.0,0.0,1.0,1.0,0.0
P026	1.0,8.1195556e-32,1.0,1.0,1.0,1.0,0.0,1.0,1.0,0.0
P006	1.0,0.0,1.0,1.0,1.0,1.0,0.0,1.0,1.0,0.0
P067	1.0,0.0,1.0,1.0,1.0,1.0,0.0,1.0,1.0,0.0
P017	1.0,0.0,1.0,1.0,1.0,1.0,0.0,1.0,1.0,0.0
P046	1.0,0.0,1.0,1.0,1.0,1.0,0.0,1.0,1.0,0.0
P057	1.0,0.0,1.0,1.0,1.0,1.0,0.0,1.0,1.0,0.0
P105	1.060391e-26,1.0,1.0,1.0,1.0,1.0,0.0,1.0,1.0,1.0
P070	0.81399643,0.98742735,0.0003401935,0.3117454,0.98862255,0.021425992,0.9991495,0.99222153,0.00021958351,0.47158107
P061	1.0,3.514552e-06,1.0,1.0,1.0,1.0,0.0,1.0,1.0,4.622676e-18
P028	1.0,0.0,1.0,1.0,1.0,1.0,0.0,1.0,1.0,0.0
P009	1.0,0.0,1.0,1.0,1.0,1.0,0.0,1.0,1.0,0.0
P031	0.8978435,0.35058007,0.9654615,0.99229264,0.39186782,0.98349094,0.22460032,0.88225937,0.42729694,0.43453813
P101	1.0,0.0,1.0,1.0,1.0,1.0,0.0,1.0,1.0,0.0
P110	1.0,6.345653e-07,1.0,1.0,1.0,1.0,4.697667e-37,1.0,0.9999865,1.2149319e-09
P003	1.0,8.143509e-06,1.0,1.0,0.99999976,1.0,1.9858501e-29,1.0,0.9999482,4.962442e-08
P047	1.0,1.6476068e-17,1.0,1.0,1.0,1.0,0.0,1.0,1.0,3.289743e-26
P056	1.0,4.1849283e-27,1.0,1.0,1.0,1.0,0.0,1.0,1.0,0.0
P004	1.1058652e-11,1.0,1.0,1.0,1.0,1.0,6.278172e-36,1.0,1.0,1.0
P005	1.0,0.0002271235,1.0,0.9999987,1.0,1.0,6.001398e-37,1.0,0.99999964,1.2087658e-06
P010	0.35339755,1.0,0.40603304,1.0,0.99998134,0.99121714,0.010188639,1.0,0.99999976,0.99682695
P013	1.0,1.1723315e-34,1.0,1.0,1.0,1.0,0.0,1.0,1.0,0.0
P015	1.0,5.984109e-09,1.0,1.0,1.0,1.0,0.0,1.0,1.0,4.758138e-15
P016	1.0,3.8654298e-09,1.0,1.0,1.0,1.0,0.0,1.0,1.0,4.5035336e-14
P022	1.0,5.2085146e-16,1.0,1.0,1.0,1.0,0.0,1.0,1.0,9.950709e-26
P029	1.0,0.0,1.0,1.0,1.0,1.0,0.0,1.0,1.0,0.0
P035	1.0,1.5962465e-23,1.0,1.0,1.0,1.0,0.0,1.0,1.0,5.211361e-37
P036	1.0,1.6997398e-12,1.0,1.0,1.0,1.0,0.0,1.0,1.0,1.6102252e-18
P102	1.0,7.803736e-17,1.0,1.0,1.0,1.0,0.0,1.0,1.0,2.2383502e-25
P058	1.0,2.7954895e-08,1.0,1.0,1.0,1.0,0.0,1.0,1.0,4.3364743e-12
P065	1.0,8.879663e-11,1.0,1.0,1.0,1.0,0.0,1.0,1.0,1.6367897e-15
P108	1.0,8.174155e-33,1.0,1.0,1.0,1.0,0.0,1.0,1.0,0.0
P104	1.0,0.0,1.0,1.0,1.0,1.0,0.0,1.0,1.0,0.0
P107	1.0,1.0,1.0,1.0,1.0,1.0,0.0,1.0,1.0,9.845826e-07
P019	1.0,3.812635e-06,1.0,1.0,1.0,1.0,0.0,1.0,1.0,1.4664271e-09
P025	0.6917809,0.7050452,0.8619373,0.41087893,0.21249747,0.41151226,0.56970125,0.55394924,0.45169312,0.88580775
P054	1.0,1.50256e-13,1.0,1.0,1.0,1.0,0.0,1.0,1.0,1.7814288e-22
P099	1.0,2.1280948e-28,1.0,1.0,1.0,1.0,0.0,1.0,1.0,0.0
P074	1.0,5.0178044e-09,1.0,1.0,1.0,1.0,0.0,1.0,1.0,1.2833369e-12
P095	1.0,5.7825368e-08,1.0,1.0,1.0,1.0,0.0,1.0,0.99999964,2.7524392e-11
P051	0.62028676,0.99416983,0.98348963,0.9773588,0.53491,0.37378496,0.5574057,0.9858867,0.9460857,0.9932706
P100	1.0,5.0538365e-30,1.0,1.0,1.0,1.0,0.0,1.0,1.0,0.0
P045	1.0,4.739382e-14,1.0,1.0,1.0,1.0,0.0,1.0,1.0,6.0915824e-22
P103	1.0,5.865583e-19,1.0,1.0,1.0,1.0,0.0,1.0,1.0,9.7509785e-28
P076	1.0,1.01620184e-10,1.0,1.0,1.0,1.0,0.0,1.0,1.0,1.9960948e-15
P024	1.0,5.3565098e-05,1.0,1.0,0.9999959,1.0,3.0900768e-24,1.0,0.9999,7.3310036e-07
P048	1.0,0.0,1.0,1.0,1.0,1.0,0.0,1.0,1.0,0.0
P066	0.6468703,0.7260277,0.8163315,0.48699713,0.33029264,0.28112248,0.54237694,0.65473753,0.45513728,0.8487631
P063	1.0,0.0,1.0,1.0,1.0,1.0,0.0,1.0,1.0,0.0
P114	0.728342,0.7275552,0.9024133,0.3919949,0.18410283,0.41031423,0.5074926,0.599795,0.4856194,0.91331273
P090	0.7447732,0.74451286,0.9304919,0.43359333,0.15584436,0.43497533,0.557995,0.63948494,0.45718545,0.92862207
P113	1.0,6.958799e-10,1.0,1.0,1.0,1.0,0.0,1.0,1.0,2.9529825e-14
P038	1.0,5.6431565e-27,1.0,1.0,1.0,1.0,0.0,1.0,1.0,0.0
P078	0.6719774,0.6960842,0.6854892,0.3831626,0.32829446,0.29077727,0.51664525,0.4582585,0.42019925,0.8372374
P082	1.0,7.633393e-21,1.0,1.0,1.0,1.0,0.0,1.0,1.0,2.8919849e-30
P087	1.0,5.8529606e-17,1.0,1.0,1.0,1.0,0.0,1.0,1.0,3.7208074e-25
P088	0.66188043,0.6933465,0.6499479,0.38621706,0.3557214,0.2567942,0.5131108,0.4740365,0.4109636,0.821067
P039	1.0,0.0,1.0,1.0,1.0,1.0,0.0,1.0,1.0,0.0
P001	1.0,1.9004796e-09,1.0,1.0,1.0,1.0,0.0,1.0,1.0,4.920657e-13
P080	1.0,0.7266234,1.0,0.99999696,0.99999964,1.0,9.862438e-17,0.9999952,0.9999956,0.0042942166
P106	1.0,0.9972432,1.0,0.86988395,0.9999757,0.9999902,6.56001e-09,0.9987253,0.99851763,0.63528246
P081	1.0,0.873382,1.0,1.0,0.9999974,1.0,1.415645e-12,0.9999995,0.99999964,0.0006776452
P084	0.7021493,0.6604692,0.66021603,0.42982015,0.361934,0.2632346,0.4285106,0.52679294,0.38113105,0.80855054
P033	1.0,2.6941171e-36,1.0,1.0,1.0,1.0,0.0,1.0,1.0,0.0
P092	1.0,1.6619604e-05,1.0,1.0,0.9999965,1.0,2.1160548e-23,1.0,0.9989002,1.6296052e-07
P077	1.0,0.00020512938,1.0,1.0,0.999955,1.0,1.4727517e-19,1.0,0.99340117,6.8488234e-06
P071	1.0,0.0,1.0,1.0,1.0,1.0,0.0,1.0,1.0,0.0
P083	0.727282,0.65889645,0.7045337,0.47422153,0.35280168,0.26357016,0.35635033,0.54604816,0.39297742,0.8334676
P085	0.6501717,0.64648855,0.7213428,0.42140862,0.32240972,0.43192005,0.49851668,0.46117833,0.46500322,0.80014586
P086	0.7676279,0.712493,0.82234836,0.4278996,0.24255672,0.37383625,0.4375027,0.5029798,0.40410045,0.89888066
P072	0.8872134,0.9987724,2.0224e-05,0.46257064,0.9996916,0.012535781,0.99992347,0.99977094,1.0819864e-05,0.3435701
P091	1.0,9.819175e-28,1.0,1.0,1.0,1.0,0.0,1.0,1.0,0.0
P112	0.6911694,0.69385964,0.9418001,0.5049429,0.20940399,0.375422,0.50045884,0.7885717,0.4866048,0.89331126
P093	0.59034324,0.49586067,0.790157,0.49801803,0.32283986,0.31801873,0.4323443,0.7978941,0.43296197,0.64903796
P094	0.59872466,0.5152002,0.6785133,0.49151632,0.4384026,0.26793534,0.42673007,0.7515129,0.38630176,0.60688007
P073	1.0,1.8696224e-22,1.0,1.0,1.0,1.0,0.0,1.0,1.0,8.2566936e-35
P079	0.63335365,0.5371781,0.7061554,0.46810552,0.378291,0.2609902,0.3543327,0.72535604,0.42856818,0.6828937
P111	1.0,0.0,1.0,1.0,1.0,1.0,0.0,1.0,1.0,0.0
P089	0.7141881,0.77572036,0.8609618,0.45803064,0.27906036,0.17091778,0.4953056,0.68348914,0.4206407,0.9159652
P064	1.0,1.611468e-31,1.0,1.0,1.0,1.0,0.0,1.0,1.0,0.0
