label	ABRACL	MCM3	HIST1H2BK	OCIAD2	U2AF1L5
0	-1.097851396	-1.480299711	-0.164985657	-1.235901117	-1.034664392
1	-1.534842014	0.272854954	0.316794366	0.970464885	-0.04157871
0	-0.452114105	-1.157233	0.172495127	-1.016220808	-0.926841736
1	0.342035115	-0.593898237	0.288588405	1.48278749	-0.693199754
0	-1.132570148	-1.384581447	0.162769556	-1.79041183	-0.683196425
1	0.407378435	-0.328319609	1.029663563	0.500713825	-0.351504922
0	-0.637234807	-1.247452736	-0.226208329	-0.557671785	-0.855626822
1	0.26733613	-0.485148162	-0.594847918	2.258792639	-0.772431254
0	-0.448744446	-1.325376034	-0.347945243	-0.312721997	-0.870489001
1	0.761379778	0.160648137	0.18728289	1.675366282	0.01212718
0	-2.188530445	-0.767164886	-0.304979265	0.137041271	-1.843842506
1	-1.746964574	0.235517681	0.162937284	-0.11044354	-0.678335249
0	-2.640209913	-0.949138999	0.417231441	-0.30404067	-1.564423084
1	-2.20525074	-0.382871032	0.453620315	0.366795301	-0.702669442
0	-2.564245701	-1.029073715	-0.340891778	0.000310123	-1.654803276
1	-1.905795217	0.0931205	0.468584865	0.381907523	-0.657999694
0	-2.134262562	-0.844292164	-0.271045536	-0.39732185	-1.951632142
1	-1.968154311	0.302067339	0.901332855	0.734054446	-0.514539182
0	-2.153026104	-0.850053728	0.487888813	-0.102546632	-1.687730074
1	-1.27117455	-0.224250808	0.124592908	1.759076715	-0.256027341
0	-0.409318686	-1.192556381	-1.873948812	-0.391295731	-1.507590771
1	1.530005693	0.038115509	-1.928508282	0.783035696	-0.223932296
0	-0.308844328	-1.14489913	-0.526216567	-0.772269547	-1.702558756
1	1.587429166	0.117468476	-1.017196655	0.887089193	-0.439439535
0	-1.998013854	-1.194360852	-0.281628221	-0.98111701	-1.598562121
1	0.517839968	0.092469297	-1.710598826	0.795662463	-0.529768825
0	-0.349137962	-1.171896458	-2.79175663	-1.108512402	-2.004395723
1	1.854008317	-0.455299735	-1.177991867	0.013050742	-0.839952409
0	0.250323534	-1.180390239	-0.417362571	-0.383489847	-1.866721749
1	1.654626727	-0.012800626	-0.714575052	0.963316977	-0.706646144
0	0.00089553	-1.006943583	-1.752330184	-0.04943797	-0.85766542
1	1.491032243	0.1668704	-0.636413991	1.273130774	-0.291597962
0	0.40343982	-1.041958094	-1.950058699	-0.089469492	-0.739925921
1	-0.033250596	0.276840687	-1.776988029	2.296308756	0.064139359
0	0.189293802	-1.279806972	-1.247322917	-0.435073614	-0.906680465
1	0.726184487	-0.671197891	0.579316139	0.607767463	-0.573856533
0	0.357454926	-0.95987916	-1.750870228	-0.034158513	-0.550143361
1	0.754841447	0.37432915	-0.936886847	0.460168779	-0.383603841
0	-0.099467814	-1.45653677	-0.604309916	-0.581253529	-0.829834819
1	1.674294233	-1.745903373	-1.105531693	2.642161846	-0.351510644
0	-0.969596505	-1.808247328	-1.625501633	-0.800789118	-1.572793722
1	0.886360168	-0.247598499	-1.829444647	1.202231407	-0.258647293
0	-0.849417508	-1.498035669	-1.917439103	-1.016468525	-1.744758844
1	0.633120656	0.055489842	-2.058572054	0.788358152	-0.309995711
0	-0.119199276	-1.880973816	-2.166855812	-0.814409196	-1.143795013
1	1.493405342	0.093617499	-1.457430601	1.05449903	-0.169426024
0	0.239001557	0.059428409	-1.327235341	0.548456788	-0.944333613
1	0.342664182	-0.401094288	-1.416526079	0.477272362	-0.108568609
0	0.059160978	-1.791166663	-2.326699257	-0.811341047	-1.690881133
1	1.384197116	-1.031638265	-1.724532962	1.281887889	0.256469101
0	-0.045471609	-1.574149132	-1.626930475	-0.260341108	-1.639717817
1	1.082114935	0.022705361	-0.667745292	1.928452253	-0.084294349
0	0.304560065	-1.642643929	-1.513640881	-0.951011658	-1.209630251
1	1.938823819	-2.19528389	0.000161685	3.86460948	-0.617571414
0	0.356445968	-1.429507971	-1.363092422	-0.035948634	-1.18287611
1	0.480339795	-0.030556276	-0.542699218	3.272366524	-0.16537261
0	0.133152068	-1.571196556	-1.836563587	-0.131670296	-1.087438345
1	1.256152868	-0.121836036	-0.754432499	1.505615711	-0.523499012
0	0.311901927	-1.491089821	-1.613826513	-0.052490294	-0.853976429
1	1.203617454	0.231880426	-1.189556479	1.665232539	-0.506447434
0	0.079630852	-1.445527077	-2.435973883	0.116785824	-1.845182657
1	1.208835959	-0.047273755	-5.403249741	0.697913885	-0.532359838
0	0.416501641	-1.391731262	-1.487957478	0.127274871	-1.26455617
1	1.119982243	-0.161001772	-0.591923594	1.296871543	-0.151473641
0	0.131790519	-1.315660357	-3.062414646	0.226427853	-1.747624516
1	1.393009543	0.472657025	-0.216689751	1.439111352	-0.502388477
0	0.651573181	-1.185646057	-1.76224947	0.382189423	-1.910619736
1	0.568243563	0.36959821	-0.950770915	0.508413851	-0.248544455
0	0.606393516	-1.029780746	-1.835333586	0.645221889	-1.465522051
1	1.905219555	-0.367915899	-1.350034475	1.835660696	-1.311113
0	-0.563596845	-1.181124449	-1.125122547	-0.266518325	-1.922893286
1	1.215643167	0.490459144	-1.59758091	1.958654404	-0.331721604
0	0.065576851	-0.886033475	-1.972736597	0.188464224	-1.447657347
1	0.974258184	0.131824389	-1.006476045	0.963472724	-0.236893743
0	-0.248360097	-0.949578822	-2.317173243	-0.083965123	-1.472687721
1	0.662213385	-0.563698053	-0.784714341	0.416052133	-1.064473271
0	-0.665345788	-1.225110531	-3.14352107	-0.149873495	-1.21764946
1	1.29048419	-0.09772788	-0.677037001	1.52886045	-1.344163418
0	-0.911530733	-1.078226447	-1.004589558	0.516555548	-1.582289577
1	1.224552035	0.066226505	-0.642899156	1.784143329	-0.539768338
0	0.003922939	-1.128246307	-1.415819883	0.047433853	-1.893901348
1	1.087367773	-0.775929749	-0.598080337	1.03651011	-2.11163497
0	-0.253960729	-1.262141585	-1.273477197	0.117897332	-1.68055737
1	1.62635684	-0.068779081	-0.601583123	0.855817556	-0.59060061
0	-0.50980866	-1.000022292	-1.637116551	0.089312494	-1.535915494
1	1.839411378	0.873086691	-2.361039639	0.677820444	-0.401357263
0	0.219797611	-0.6956743	-1.583170414	1.050057173	-1.329288006
1	1.386705399	-0.216691151	-0.688210249	0.69266057	-0.976372123
0	-2.659194946	-1.104052782	-1.300892591	-1.029550076	-1.821863413
1	-2.071214914	0.014569851	-0.208778784	0.419159353	-0.367382735
0	-2.181191444	-1.022212267	-0.860747695	-0.476959825	-1.388047576
1	-1.858948946	-0.157775015	-0.361183316	0.15495117	-0.406777054
0	-2.134624481	-1.03516233	-0.874021769	-0.543532968	-1.729690194
1	-2.345528841	-0.346528888	-0.257084787	0.745298564	-0.577589631
0	-2.279163837	-1.101238966	-1.20389092	-0.504157901	-1.961184382
1	-1.822035789	0.085051686	0.174589574	0.18812488	-0.518863976
0	-2.125148535	-1.351489782	-1.305131435	-0.866920114	-2.227538347
1	-1.497716427	-0.136593625	-0.392113924	0.970001996	-0.905542672
0	0.031933576	-1.133406758	-2.807479143	-0.415420681	-2.537662983
1	1.722119808	-0.336576283	-1.269316912	-0.011560708	-1.684704781
0	-0.071148574	-1.05734539	-1.936519146	-0.55915159	-1.959558249
1	1.341997862	-0.380635083	-1.091322541	0.071210131	-1.425027728
0	-0.059364736	-1.212908506	-1.568245888	-0.326688349	-2.78098774
1	0.356451601	-0.294151127	-0.878830492	-0.021582533	-0.683795631
0	0.013712704	-1.38848424	-2.631593704	-0.417405725	-2.521709442
1	0.789576232	0.118723363	-0.890326381	0.008014225	-0.665134668
0	0.27806434	-1.258946538	-3.017925739	-0.483498603	-1.66953671
1	1.171353698	-0.031736203	-1.713120103	-0.248045981	-0.981616735
0	-0.536497474	-1.111076593	-1.112448931	-0.506065369	-1.331712008
1	1.506386757	0.449137926	-0.932670474	0.801344991	-0.617124796
0	-0.582511783	-0.954001069	-1.317466736	-0.198867351	-1.306116104
1	1.177190781	0.057248443	-0.150212914	0.567514241	-0.747813642
0	-0.406359076	-1.114673257	-0.632563949	-0.151465237	-0.978239775
1	1.414769053	0.595617771	-0.386469811	0.983790576	-0.554197133
0	-0.558942556	-1.04598403	-0.652130127	0.059910178	-0.767255306
1	1.67839849	-0.13903001	0.720621824	0.144162446	-0.272512794
0	-0.682234406	-0.906353831	-1.590478897	0.005877048	-1.790626287
1	1.329070926	-0.534933507	-0.841923356	0.074601278	-0.509739041
0	-0.580153584	-0.86515975	-2.033304453	0.347090006	-0.611460924
1	1.492625713	-0.370795786	0.75520426	0.38713032	0.075062402
0	-0.747549534	-0.811436176	-2.007947445	0.171996087	-0.679257512
1	1.572982192	-0.48088944	-0.044144481	0.888271928	-0.27657938
0	-1.495695829	-1.022931099	-2.027267933	0.18700099	-0.888744593
1	0.434547067	-0.50954783	-1.025952101	1.328198552	-0.248536259
0	0.208841622	-1.027090669	-2.359308243	0.291175574	-0.804518342
1	1.078710437	0.114565849	-2.542459965	1.359796286	-0.246873409
0	-0.498682231	-1.043087244	-2.106743097	0.084361702	-0.879322529
1	1.56686151	-0.261719227	0.937967539	0.143462315	0.092763998
0	-0.342695713	-0.84609127	-1.328592777	-1.052128315	-2.433609962
1	1.061568975	-0.331724942	-2.658604145	0.056070253	-0.73738271
0	-0.953574777	-1.275958776	-2.113260508	-0.423790306	-1.295575142
1	1.215447068	-0.444578767	-2.160603523	1.108554602	-0.902703345
0	-0.597955585	-1.06913054	-3.010459423	-0.463075638	-2.153439999
1	-0.155420721	0.023372915	-1.084698796	1.261803031	-0.550012112
0	0.252763391	-1.228274703	-2.149899006	-0.158960104	-2.008667946
1	1.313474894	-0.106255218	-1.578472853	0.760209799	-0.520604789
0	-0.343020439	-1.010255933	-2.522964478	-0.406131864	-2.140205383
1	1.271914601	-0.865450144	-0.119312495	0.286506414	-0.426098675
0	0.557646394	-0.950996757	-1.60827744	0.246952444	-1.075458407
1	0.655871391	0.349541724	-1.278890133	1.835121274	0.497653037
0	0.679157555	-0.997641325	-2.07635355	0.115234911	-1.54349649
1	0.718190372	-0.209690571	-1.429225445	0.36703521	-0.222672105
0	0.679583371	-1.061978102	-1.799004793	0.258624464	-1.513184071
1	1.077669382	-0.51203537	-1.151279688	1.147159696	-0.755576968
0	0.764693737	-1.277554274	-0.653041363	0.274913788	-1.235652447
1	0.633051276	0.068967387	0.143948451	0.332375139	-0.049166784
0	0.654978335	-0.877783537	-0.712951541	0.080484271	-1.312846303
1	1.201308131	0.342535913	0.00852716	0.476486564	-0.325102299
0	-0.64484632	-1.322391748	-0.965986133	-0.310089588	-1.791666985
1	-0.120074391	-0.047463596	-0.306963384	0.75385499	-1.24823761
0	-1.494380951	-0.998582363	-0.241892338	-0.262727499	-1.410101414
1	0.538811386	-0.02486372	-0.62265718	1.649876595	-0.094177246
0	-1.925158978	-1.319051504	-0.341243207	0.283786058	-1.643271923
1	1.251276731	-0.191124097	0.906972051	1.27442944	-1.177405238
0	-0.530326784	-1.237618685	-0.550342262	0.019517124	-1.319988251
1	0.740066886	-0.501003742	0.818441629	1.321822643	-1.615266681
0	-0.427366525	-1.317735672	-0.389783055	-0.18159166	-1.868091583
1	0.646699309	-0.25122878	-0.509574711	1.259601593	-0.090959214
0	-0.913505197	-0.622140884	-0.672573924	0.785147071	-3.364748001
1	0.109453335	0.434275627	0.303180307	1.100739717	-1.478465199
0	0.12336579	-0.654780626	-0.252571017	0.346023172	-2.538335562
1	1.013602734	-0.211518779	0.308327526	0.442062497	-0.70946157
0	-0.183614641	-1.171373487	-1.059217811	0.575315475	-2.608657598
1	0.899777472	-0.810392797	-0.521790028	0.592624605	-2.215843439
0	-0.066593409	-1.304258943	-1.350343108	0.355311453	-2.540775299
1	0.849919677	-0.215860546	-0.564277053	0.248956874	-1.900715947
0	1.401917338	-0.653392911	-0.390507638	0.980306268	-2.310250998
1	-0.796627164	-0.887615442	-0.744110107	0.495976925	-3.933880806
0	-0.023428202	-1.633967996	-1.591664433	-0.315909863	-1.200958729
1	0.535447598	-0.679672718	-0.975141525	0.048548996	-0.356300175
0	-0.445576787	-1.711525917	-1.115674734	-0.338191152	-2.800460815
1	1.114304423	-0.970722556	-0.376260787	0.625130653	-0.65162921
0	-0.166477501	-1.856676579	-1.612336159	-0.259681761	-1.127241611
1	1.708821416	-0.558434248	0.236058235	1.106305003	-0.417155474
0	-0.569132566	-1.733531117	-1.805663466	-0.546969891	-1.952774644
1	-0.013822377	-0.325758457	-1.637140155	1.254031062	-0.684336305
0	-0.060478091	-1.782018185	-1.907450438	-0.237323523	-2.110541344
1	1.17286849	-0.609510064	-0.802492321	0.63380444	-0.652054489
0	0.504695773	-1.496491194	-2.683303595	-0.035296708	-1.030184388
1	0.693481028	-0.158667922	-2.47946167	1.631989956	-0.510166645
0	0.365969479	-1.472346067	-2.0423069	0.168911248	-1.002891064
1	1.113752604	-0.73846662	-0.802330673	0.799215853	-0.279963017
0	0.298756361	-1.379949927	-2.711356163	-0.129206628	-1.20233655
1	0.635640621	-0.248636156	-1.042058229	0.902297854	-0.268189341
0	0.128450334	-1.488449574	-2.626466513	-0.157753289	-1.160195589
1	0.730126023	-1.112000704	-3.854767323	0.609839797	-0.487255991
0	0.124460697	-0.959930599	-1.003051996	0.085003614	-0.706426322
1	-0.074951932	0.210487768	0.135881007	1.880746007	-0.25746125
0	-0.57197392	-1.201974273	-0.747259259	0.052309602	-0.710067391
1	0.697015762	-0.964592159	-0.616955042	0.37582311	-0.48529923
0	0.320366502	-1.464142561	-0.592435658	0.188158035	-0.652024686
1	0.66047287	-0.49115181	-0.049928784	0.720097899	-0.408379972
0	0.15898478	-1.557871819	-0.319606662	0.190291107	-0.842243195
1	0.211817697	-0.759383261	-1.232732534	0.152426794	-0.140296072
0	0.317498773	-1.01609838	-1.52190721	-0.136738315	-0.680724382
1	1.046825171	-0.059096515	-0.794797122	2.815263748	0.049917884
0	1.192367315	-1.111423731	-1.58380127	-0.36255759	-0.896637499
1	1.45804286	-0.499278247	-1.182399511	0.234048039	-0.670804322
0	0.572109222	-0.971413136	0.036785543	0.070504457	-0.622474909
1	0.532793343	-1.070686221	-0.896511912	-0.289599061	-0.88509357
0	1.633253574	0.549660802	-1.717426062	1.874231577	-0.02852942
1	0.601941228	-1.085118175	-0.102364689	-0.137932807	-0.868903279
0	1.434847951	-1.234862089	-1.566142797	-0.427788496	-0.680390954
1	2.000311852	-0.335041493	-0.790731311	1.696270466	-0.263041317
0	1.986708283	-1.380290151	-2.142357826	0.616869569	-0.852984905
1	1.145508528	0.078419119	-1.770165563	1.911576629	-0.579790235
0	1.048360825	-1.440065622	-1.780486107	0.412794769	-1.696217537
1	0.467862576	-0.45230633	-2.004034281	0.759210825	-0.744989097
0	0.801297307	-1.459616423	-2.342350483	0.589448988	-1.52005744
1	0.772668481	-0.634718478	-1.994764447	0.988085985	-1.41865468
0	1.03971827	-0.139776543	-2.074034929	1.522038341	-0.215441227
1	0.973936677	-1.418572068	-2.066742659	0.442656636	-1.216009617
0	0.505207598	-0.409672707	-2.181364536	0.406388164	-0.432545811
1	1.774439335	-0.672611594	-1.711349726	0.938542128	-1.092798829
0	1.378073454	-1.165117025	-0.690555096	0.020676255	-0.069716215
1	0.656569421	-0.715937078	-0.1472404	-0.288872421	0.581215978
0	0.025905311	-1.249500513	-0.586643815	0.047745168	-0.258049726
1	-0.31028825	-0.318054289	0.534799993	0.814323783	0.611339271
0	2.292837143	-1.412238598	-1.206696272	0.891283453	0.062027812
1	1.64951849	-1.535712242	-0.707465708	0.283543885	0.142559394
0	-0.247213423	-1.645256519	-0.520128131	-0.246913135	0.50464648
1	1.386559963	-0.248395011	0.222872555	-0.029938988	0.656902909
0	-0.119060993	-1.359802961	-0.469658673	-0.226953924	-0.21519655
1	0.384100378	-0.381194532	0.137573645	1.592005134	1.355769873
