label	DHCR24	SLC16A3	SERPINB5	RBM8A	EPCAM
0	-1.067121863	-1.536771059	-1.658306599	-0.7588346	0.852270544
1	0.76159668	0.463872641	0.048125718	-0.034982309	2.337362051
0	0.12304616	-1.270289898	0.245356023	-0.856811643	0.548537195
1	0.946491122	0.74800545	-0.240133122	0.288354516	3.118878126
0	0.665543973	-1.499666333	-1.402361274	-0.579491973	1.052882791
1	1.276758313	-0.864126205	0.49838239	-0.201224566	0.654760003
0	0.610385895	-1.062702894	-1.131072998	-0.916383862	0.550387383
1	1.282496929	0.880085468	1.088745713	-0.371675998	0.8269099
0	0.42924878	-1.305795908	-0.195057243	-0.683193564	0.630975187
1	1.265788674	-1.162561178	0.061650176	0.141099036	3.110882998
0	-0.636996686	-2.438726187	-0.385618746	-1.131187916	0.05790621
1	1.562328577	-0.731601655	0.684551656	-0.062096216	0.94622606
0	-0.837081194	-2.313897848	-0.383656979	-1.020977736	-0.772719145
1	0.912831664	-1.473182082	-0.463401079	-0.159744591	0.337395459
0	-0.295887172	-2.455238104	-0.29166609	-1.184147358	0.005644023
1	0.692365706	-0.9808442	0.222211093	-0.22231099	1.115105987
0	-0.159037441	-2.322238922	0.44272238	-1.100931883	-0.829155922
1	0.748034537	-0.941823721	0.096574143	0.194775611	1.832253695
0	-0.112281382	-2.283572197	-0.456602752	-0.773348749	-0.026153266
1	-0.684601545	-0.121969476	1.707447767	-0.100261435	1.109224796
0	-0.988313675	-1.640543461	0.56211406	-0.649878144	0.920775056
1	0.424760163	-1.181398749	0.536340356	0.09952534	1.139745593
0	-0.531195462	-1.577895403	-0.188189387	-0.733976185	0.64899528
1	1.857248783	-0.671861947	0.83964926	0.072728351	2.189287424
0	-1.142487764	-1.995851636	-1.370850801	-0.644744992	0.923835993
1	2.081412315	-0.95847559	1.011658788	-0.249446601	0.700383663
0	-1.439193249	-2.014825344	-1.284925461	-0.931042373	1.014451265
1	0.324237615	-0.699646235	-0.200087875	-0.246564656	1.235992908
0	-1.211071253	-2.225615501	-1.458284974	-0.855444551	1.134480238
1	0.527099192	-0.43885228	2.383895636	-0.124904595	0.803182662
0	-0.496153504	-1.888878703	-0.08886978	-0.605518222	1.277132154
1	2.306386709	-0.3390944	1.557349205	0.301501989	2.982284069
0	-0.281395853	-0.845258415	-0.000431657	-0.673307359	1.088856816
1	0.914044678	-0.194477096	1.360447407	0.525075138	1.800601602
0	-0.758615613	-1.54468286	0.054786742	-0.833953977	0.109421372
1	0.203183651	-1.12676084	1.359856844	-0.386144578	2.444643974
0	-1.008601069	-1.628704309	-0.294563413	-0.611962199	0.329336166
1	1.022504568	-1.208714724	1.011471272	0.223645285	2.56826067
0	-1.211307764	-1.670570135	-0.559792519	-0.850711823	-0.197763681
1	-1.247440219	-1.94475472	-1.10192275	0.177195936	4.402994156
0	-0.807393074	-2.601583719	-1.278793573	-0.814007401	0.975355148
1	-0.0718849	-1.529804587	1.105815887	-0.0174658	2.826983213
0	-0.451259434	-1.946839809	-0.123326957	-1.056062937	1.227909327
1	1.176841021	-1.018983126	0.762584746	0.142130107	2.949364185
0	-0.711241186	-2.653764009	0.012016177	-1.017472982	1.162020683
1	1.616833091	-0.055262364	0.992886722	-0.028003849	3.54838109
0	0.139616266	-1.941518784	0.402885556	-0.494684875	2.863224506
1	0.243492678	-1.53136766	0.438042045	-0.122631878	3.249899387
0	-0.356022865	-2.015247822	0.332760572	-0.997131228	0.785546064
1	0.742404938	-0.722587347	-0.903998375	-0.057755671	6.369147778
0	-1.800042152	-1.746563435	-0.24754256	-1.000196218	-0.188356757
1	0.62874651	-0.119621605	1.017955422	0.280918539	0.714542389
0	-1.075872183	-1.193826199	0.223895848	-1.772066355	0.493056118
1	-2.729212284	-1.477335811	-2.113042355	-0.092360899	2.51779604
0	-0.722849548	-1.473489285	0.183143437	-0.847748339	-0.801674068
1	0.199000061	-0.728720427	-0.462401062	0.06785208	4.759131432
0	-1.451342583	-1.261878014	-1.598722696	-0.989438474	0.532596707
1	-0.286112189	-0.660265744	1.225304365	-0.234163165	0.612661004
0	-1.183814526	-1.408418179	-0.989709675	-1.035231829	0.075341582
1	0.548290551	-0.888385475	0.860738695	0.22892569	0.083137363
0	-0.124851465	-2.144895792	0.526927233	-1.189286947	0.565838099
1	-0.04813382	0.09393923	0.959476471	0.146810561	1.531976938
0	-0.248578548	-2.085962296	0.995373964	-0.86644125	0.561845779
1	0.36239934	-0.971087813	-0.731418014	0.203866526	2.047052145
0	-0.071733952	-2.33409071	0.305085301	-0.982788801	0.907076776
1	0.607988298	-1.347282171	0.675772011	0.036102787	1.781214476
0	-0.130163997	-1.947398901	0.225551516	-0.965146542	0.423506111
1	0.814546764	-0.880654752	1.177963734	-0.479878455	0.974420249
0	-0.193830773	-1.599072218	-0.554401577	-0.907562196	0.812657118
1	0.18864803	-0.689409494	-0.14534685	0.041248575	1.363267064
0	0.140214592	-2.88928628	-0.648348212	-0.814187169	-1.95160532
1	0.794687688	-0.983203351	1.249745011	0.278695792	-1.666210055
0	0.395938188	-2.667274952	0.902040601	-0.591189206	-1.76262331
1	1.15093255	0.011568546	1.252061248	0.09330906	-1.293219924
0	-0.245009243	-1.630800009	-0.610815823	-0.953243554	-2.201089621
1	0.558801532	-1.130806923	-0.067863613	-0.20182851	-2.272991896
0	-0.259834409	-3.697708845	-0.349250436	-0.686793566	-2.724973679
1	0.976311684	-0.247505918	0.604450762	-0.071314409	-2.613862038
0	-0.18537727	-3.421278954	-0.630140781	-1.279657245	-2.353335381
1	0.62314719	-1.917249322	2.385618687	0.270572484	-1.9362849
0	-1.087702751	-1.13515687	-0.844457388	-1.003205538	-2.381685972
1	-0.503153145	-0.892645538	0.249949187	-0.072272718	1.547655344
0	-0.890403867	-0.986646056	0.063286483	-0.936279416	0.274522483
1	0.422562659	-0.73934114	0.665120482	0.173880473	-0.845778108
0	-1.091794133	-0.905613184	-0.630465388	-0.85628438	0.355624259
1	-1.292190313	-1.762974381	-1.744733095	0.093856335	3.460019588
0	-0.357124805	-0.825888395	-0.503007889	-0.726800323	0.7092641
1	0.374498069	-0.48835963	1.005519986	-0.061221644	1.985033154
0	-0.630765021	-2.063892126	-1.323883533	-1.254154921	0.992103279
1	1.331302881	-1.345475316	0.928597867	0.248216197	1.727372646
0	-1.066235542	-1.293236256	-1.290727615	-0.616713047	0.794823825
1	0.522594154	0.443427652	0.550131917	-0.203690022	5.121782303
0	-0.09886229	-1.844071984	-0.798520803	-1.490424752	1.706497312
1	0.992043257	-0.733702183	0.900412202	-0.165131077	0.913833559
0	0.073953182	-1.678224683	-0.061326712	-0.671516776	1.464060903
1	0.12962921	-1.253795862	1.563589692	0.004253607	1.916024208
0	-0.095408082	-2.270503283	-0.279199958	-1.117165089	0.727884293
1	0.720925331	-1.45241344	1.580221534	-0.10120815	1.867461443
0	-0.442126423	-1.85980022	0.390560895	-0.873848319	0.51102221
1	0.686882854	-0.204836071	0.936368942	0.213290721	2.226081133
0	-0.711970627	-1.963525772	0.553418934	-0.579161346	0.69734025
1	0.629466534	-0.819741607	0.623040438	-0.188336462	1.354218245
0	-0.556485713	-1.654561996	0.251486659	-0.907674491	0.388186663
1	0.75262326	-0.486879975	1.09467864	-0.194013998	2.264341354
0	-0.292149961	-1.997273684	0.414999902	-0.561171234	0.777339578
1	0.260700673	-1.459229469	1.345120192	-0.092195228	2.133975029
0	-0.13138321	-1.822319388	0.528894663	-0.763525963	0.197174639
1	0.744569421	-0.659603	1.963746667	0.189370498	1.368994236
0	-1.695539474	-1.610453367	-0.440804839	-0.886745453	1.080204487
1	0.101576969	-1.30269742	0.172880292	0.049537867	3.23997736
0	-1.868723869	-1.499311924	-1.096018791	-0.967002153	3.453029633
1	0.004721135	-0.267609596	1.27175808	-0.340334773	1.951394796
0	-2.076495409	-1.947627306	-1.127374291	-0.869621873	3.314294815
1	0.233563215	-0.368072063	0.904728293	0.428580254	3.896513939
0	-1.599879861	-1.432480931	-1.209117413	-0.501572728	3.072036743
1	-0.864253163	-1.016859412	0.080106556	-0.134011596	1.390929699
0	-0.945278287	-1.554166555	-0.553928614	-1.126288891	0.41489026
1	0.182562321	-1.34782064	1.378912807	-0.128771037	2.052642584
0	-0.937214971	-2.09939003	0.199331582	-0.700903893	0.548700213
1	-0.116343275	-1.054677963	-0.57185334	-0.00416334	2.639188051
0	-1.385198355	-1.941325903	-0.881244302	-1.31979537	0.538500547
1	0.557544112	-0.809431434	0.803121984	-0.240818366	1.642358541
0	-1.013909817	-1.969480991	-0.410357714	-1.093895316	0.681068122
1	-0.030665211	-0.16905579	1.898046255	-0.442315847	1.170702815
0	-1.42196548	-1.528423667	-0.760339379	-0.991138339	0.630355835
1	1.071152568	-0.368987411	1.026167035	0.266305536	2.878396273
0	-1.079177618	-1.646326303	-0.753935575	-1.130439997	0.549652815
1	-0.058925465	-0.572010398	0.115253963	-0.01320751	1.176759481
0	-0.420805216	-1.6877563	-0.558932662	-1.079229832	0.283916712
1	1.139410853	-1.665482044	1.885436416	0.010394767	3.313091755
0	0.0182648	-2.000784397	-0.899933815	-0.704450011	1.86786294
1	0.14110738	-1.655409813	0.555352151	-0.137353018	3.263363123
0	0.588279128	-1.994251847	-0.794749498	-0.859537601	1.085356832
1	1.044304967	-0.847413123	1.719222784	0.032228619	2.885822773
0	0.131036341	-1.472497344	-0.797708035	-0.489473104	-2.703272104
1	-0.366006285	-1.385478973	1.951742053	0.187532887	2.523061037
0	0.311374247	-2.014349937	0.306345642	-0.881524205	1.716677189
1	0.846761584	-0.772410393	-1.464543462	0.136285812	3.791409016
0	0.01013881	-1.502651811	0.760902762	-0.72709167	0.651405275
1	0.960581303	-0.514642715	0.777453959	0.453447461	2.3077178
0	0.175815523	-1.60914433	0.846056521	-0.641672254	1.008662343
1	1.379554749	0.282239914	0.661029696	-0.003866136	3.682499647
0	-0.110643715	-1.496492147	0.811163008	-0.612467051	0.907194674
1	0.672887981	-1.155462742	0.300825298	-0.124004081	1.751679778
0	-0.013377547	-1.428547859	1.559172153	-0.474092841	0.07365185
1	0.588271439	-1.136327982	0.453040451	0.213806003	2.395812988
0	0.321126878	-1.357162356	1.327627301	-0.502334237	0.677959859
1	-0.130668879	-0.46590957	0.936448812	0.119837761	2.756154537
0	0.089027703	-2.352240324	0.473785937	-0.781885624	0.99458158
1	0.970258594	-0.36708039	2.595101595	-0.553866565	1.397977591
0	0.256052017	-1.787323713	0.350244105	-1.165899277	1.208465576
1	0.997547388	-0.587544799	0.147986054	0.140115649	3.220266342
0	-0.35363096	-2.022345066	-0.411892951	-1.00174737	1.47274065
1	0.920149386	-0.191501871	-0.415338755	-0.071495697	5.684391022
0	-0.124434412	-1.493631601	-0.009890497	-0.887418568	1.110721231
1	0.501833677	-1.164828062	0.278497577	-0.336000711	3.000251055
0	-0.373935252	-1.890445948	-0.665864348	-0.939973593	1.171308517
1	1.42202127	-0.421343774	1.371332169	0.842001498	2.868506908
0	-0.748725891	-2.209255219	-0.933317542	-1.004871249	0.893126547
1	-0.139600381	0.043501303	0.672002614	0.171860874	2.623426437
0	-0.854631186	-1.403843403	-0.812975883	-1.196959734	0.517324805
1	0.869946718	-1.599532604	1.370919228	0.119067892	0.398791134
0	-0.952657819	-2.000989914	-1.042795658	-0.699499846	0.442895472
1	-0.57325089	-1.760746241	-0.563666821	-0.293512642	2.125795841
0	-0.728491426	-2.960081577	0.927678227	-0.594969034	0.28088522
1	-0.327446729	-2.008874893	-0.345985621	0.017029755	2.531667233
0	-0.466754675	-1.345875978	1.163165212	-0.34709996	0.918694854
1	-0.334712267	-2.405936718	0.115856051	-0.936671972	0.741965115
0	0.07229811	-0.941053271	0.988266408	-0.530539036	0.320642531
1	0.072601885	-1.376322389	0.277597815	0.301806867	1.385459661
0	-1.562820911	-1.143512011	-0.640867949	-0.752941608	1.218533754
1	0.89739728	-1.08649826	1.81937623	-0.218643337	0.141414091
0	-0.87782377	-0.858881772	-1.799103022	-0.690666258	1.601109505
1	0.074871242	-0.540042281	-0.127193958	-0.053989559	1.964366317
0	-1.420450091	-1.85169518	-1.486374259	-0.758231997	0.483109713
1	1.370368004	-0.072419226	-1.037398219	-0.459294915	4.144906521
0	-0.734500647	-1.384520531	0.24870652	-0.704922318	1.006406546
1	0.07473211	-0.179150328	1.894646764	-0.124511108	0.3920784
0	-0.192007691	-1.778101206	0.659338474	-0.994381428	-2.321867228
1	-0.887265801	-0.729802728	2.093341827	-0.246953189	-1.690202713
0	-0.439981043	-1.864936352	1.753527403	-1.003585577	-1.819539785
1	-0.527424812	-1.425766468	0.381162524	-0.17449607	-2.087567329
0	-0.261957854	-2.056811571	0.888132095	-1.088009357	-2.165260077
1	0.338764548	-1.134606957	0.322301507	-0.259914607	-2.088625193
0	-0.629028738	-1.570751429	0.320879161	-0.781841695	-1.387425661
1	-0.088260829	-1.542470932	1.083322167	-0.327998161	-1.753948569
0	-0.617327034	-0.884055078	-1.093053102	-1.524384975	1.479072809
1	0.698812366	-0.024062112	0.704626501	0.265407175	4.678561211
0	-0.952975392	-2.544353008	-1.366159558	-0.920669198	0.196001738
1	0.247844994	-1.602810025	-0.00057482	-0.452487826	3.74072957
0	-0.832167566	-2.62714529	-1.323496342	-1.207295895	0.198750764
1	0.273268402	-0.99178803	0.573240101	-0.455243587	1.671069741
0	-1.144028664	-2.639454126	-1.320465088	-1.243118048	-0.267852783
1	1.587338209	-1.720579863	-1.504705906	-0.447351396	6.132005215
0	0.306919217	-2.002219677	0.745066941	-1.111518383	1.394361019
1	1.298688054	-0.572447538	1.560519457	-0.090631753	3.564020634
0	-1.460670471	-1.930477381	-0.778270185	-0.521757901	-2.39585042
1	-0.342089474	-1.531636953	1.011014223	-0.384491622	-1.484217882
0	-0.68807292	-0.949003577	0.104322195	-0.33815825	-1.81410861
1	-1.220747352	-1.819531798	-0.414664388	-0.28857553	-2.541340351
0	0.787258208	-0.669512808	1.707188725	0.390067309	-1.494679332
1	-1.592251658	-1.453537583	-0.823393941	-0.180556208	-2.018655539
0	-1.123695612	-1.830178261	-0.100578308	-0.690914035	-1.973439813
1	0.597784817	-0.901643395	1.768013	0.34893766	-1.859803796
0	-0.350578517	-1.960033536	0.127266675	-0.374585837	0.708894372
1	1.969326854	-0.15025413	0.154689565	0.557368755	2.119208097
0	-0.585921705	-1.728023291	0.071914256	-0.554666698	0.996910751
1	-0.481399387	-1.595207095	1.516072154	-0.055285651	0.978841066
0	-0.466931939	-1.920605659	-0.195275843	-0.374576807	0.573652327
1	-0.410108447	-1.29636097	-1.610149145	0.006066382	3.179930925
0	0.47703746	-1.424541235	0.922159016	0.358117849	1.820390105
1	-0.642591834	-1.67416966	-0.558488131	-0.291643053	0.500679255
0	1.307905197	-0.603569329	-1.360394478	-0.083898231	2.670999527
1	-0.154727936	-1.188190818	-0.408572257	0.224869788	2.611218452
0	-1.134538889	-0.50269711	-0.626243591	-0.980067492	-0.312852859
1	0.588553786	-0.322586119	1.696591139	0.02664575	0.918009937
0	-0.922351241	-0.955943584	-0.671911478	-0.666148782	-1.160377622
1	1.096838713	0.112646721	0.916343987	0.176328272	0.151612103
0	-0.021658719	-0.531364143	-1.018788815	0.438780725	0.121079385
1	-0.211792946	-0.625661194	0.005401239	-0.072409451	-0.408623576
0	-1.558889866	-1.098906398	-1.579374313	-0.637799382	-1.595191717
1	0.464710265	-0.66703856	-0.294241548	0.510242105	-0.27444461
0	-1.172291756	-0.947802842	-1.365582466	-0.830017984	-0.906649292
1	2.108735323	0.410437167	0.360673785	1.066848636	2.048869848
