label	GBP1	BRI3BP	OCIAD2	DTX3L
0	0.767071903	-0.235621095	-1.235901117	0.462467074
1	1.176950574	0.015274372	0.970464885	1.666729689
0	0.203032136	-0.195445418	-1.016220808	0.565215349
1	0.784135342	0.543339968	1.48278749	1.724406958
0	0.258509576	-0.371394038	-1.79041183	0.360195488
1	1.408113003	0.464950114	0.500713825	1.498321772
0	0.180800915	-0.481837153	-0.557671785	0.811957717
1	2.049754381	0.489353508	2.258792639	2.081010818
0	0.459969938	-0.37647	-0.312721997	1.010343552
1	1.276972771	0.462444127	1.675366282	1.724770784
0	0.023370981	-1.430465937	0.137041271	0.524522603
1	0.960369051	0.17353934	-0.11044354	2.692616463
0	0.416831017	-1.372219801	-0.30404067	1.105986357
1	1.92988205	-0.143261611	0.366795301	1.751673341
0	-0.012371004	-0.627830207	0.000310123	0.713970184
1	1.34366715	0.440558553	0.381907523	1.765798688
0	0.374094844	-0.820967793	-0.39732185	1.036262989
1	1.158710957	0.519503534	0.734054446	1.789129496
0	0.340140879	-0.827096879	-0.102546632	0.891756833
1	0.311990201	-0.122925863	1.759076715	0.845739424
0	-0.248088181	-0.504627228	-0.391295731	0.677837253
1	1.932089806	0.320651621	0.783035696	1.789987445
0	-0.090892732	-0.783097446	-0.772269547	0.869705677
1	0.346094489	1.339546084	0.887089193	1.840376973
0	0.151439369	-0.65904057	-0.98111701	0.525262713
1	1.220188379	-0.523910403	0.795662463	2.064773321
0	0.617067575	-0.703101695	-1.108512402	0.940486729
1	2.497301817	0.467015892	0.013050742	1.769390821
0	0.295507699	-0.683115363	-0.383489847	0.574569643
1	1.086338282	0.741181135	0.963316977	1.430922508
0	0.929452538	-0.61601305	-0.04943797	1.096585274
1	2.45225668	1.536605835	1.273130774	2.102397919
0	0.870500565	-0.510350049	-0.089469492	1.359298706
1	1.881033659	0.328060389	2.296308756	2.243407249
0	0.155358374	-0.92298162	-0.435073614	0.97987479
1	1.578558922	0.155942455	0.607767463	2.02685833
0	0.895848393	-0.455829978	-0.034158513	1.349777818
1	2.015826941	0.658993959	0.460168779	2.448174
0	0.325206339	-0.737073898	-0.581253529	0.690112114
1	0.182355344	0.262508541	2.642161846	1.295906901
0	0.159992993	-0.667892575	-0.800789118	0.243237793
1	1.526186824	0.073557049	1.202231407	2.006075859
0	0.147196531	-0.515180171	-1.016468525	0.495112091
1	2.575728416	0.613389671	0.788358152	2.327829838
0	-0.014840484	-0.641736686	-0.814409196	0.420841098
1	0.249522388	0.678164124	1.05449903	0.929441392
0	1.321973085	-0.364675879	0.548456788	1.444922924
1	0.321648866	0.278053701	0.477272362	1.022480965
0	0.301567942	-0.624852896	-0.811341047	0.531666219
1	2.173377991	0.837502062	1.281887889	1.263315082
0	0.126772463	-1.89505434	-0.260341108	0.644233465
1	2.731908798	0.259681135	1.928452253	2.253533363
0	0.087959051	-1.278110504	-0.951011658	1.107959986
1	-0.755057514	0.134613633	3.86460948	1.59279716
0	0.205442488	-1.328728437	-0.035948634	0.807080448
1	-0.458022505	2.063899279	3.272366524	0.788036942
0	0.403311014	-1.477745056	-0.131670296	1.020098329
1	2.669964552	-0.070045412	1.505615711	2.497994661
0	0.413139343	-0.488236964	-0.052490294	1.258968353
1	2.114150047	0.333823889	1.665232539	1.926936984
0	0.384359837	-0.739682794	0.116785824	0.865483284
1	2.243545055	0.555720091	0.697913885	2.007889986
0	0.366078883	-0.254310191	0.127274871	0.607928336
1	2.40071249	0.048163846	1.296871543	2.369068623
0	0.353792518	-0.643934369	0.226427853	0.761635005
1	2.221043587	0.041265011	1.439111352	2.0050807
0	0.84837687	-0.625897288	0.382189423	1.088836193
1	1.283720016	0.896395206	0.508413851	1.033014774
0	0.581789017	-0.479235411	0.645221889	1.011683583
1	2.446344852	0.670699954	1.835660696	1.99517858
0	0.795945466	-1.124706507	-0.266518325	0.994589329
1	3.24666214	-0.333406568	1.958654404	2.750948191
0	0.590989649	-0.546346009	0.188464224	1.128836155
1	1.063365459	0.111704186	0.963472724	1.752875805
0	0.602861524	-0.31455797	-0.083965123	1.052886844
1	3.114400864	-0.307829887	0.416052133	2.139770508
0	0.565638363	-1.248203754	-0.149873495	1.0194484
1	1.194156885	0.202564657	1.52886045	1.647342205
0	0.509058595	-0.675063133	0.516555548	0.970827401
1	1.321583867	0.159327924	1.784143329	1.243751287
0	0.109542787	-1.347399235	0.047433853	0.719313443
1	0.58903712	0.003176183	1.03651011	1.441012859
0	0.53580761	-0.686023355	0.117897332	0.798441291
1	2.786482334	0.243854493	0.855817556	1.89188087
0	0.481281877	-1.118381143	0.089312494	0.924096465
1	-0.02724278	1.162872076	0.677820444	1.071068287
0	0.379934311	-0.627748013	1.050057173	0.741014957
1	2.979417801	0.143886566	0.69266057	2.2013762
0	0.738546431	-0.606754124	-1.029550076	0.799387991
1	2.413174629	0.591888547	0.419159353	2.4840734
0	0.359190762	-0.279788315	-0.476959825	1.190841079
1	1.44436276	0.192043066	0.15495117	1.297130346
0	0.123595834	-0.686675787	-0.543532968	0.622529745
1	0.422631621	0.346166134	0.745298564	1.55861485
0	0.193742424	-0.477880985	-0.504157901	1.140183568
1	1.526116729	0.560275912	0.18812488	2.663720846
0	0.621812582	-0.868244648	-0.866920114	0.755310357
1	1.843346834	0.320559263	0.970001996	2.058451653
0	0.036712736	-0.856094956	-0.415420681	0.550486207
1	2.416137934	1.070457935	-0.011560708	1.766270161
0	0.478281677	-0.491808951	-0.55915159	0.524331927
1	0.920353651	0.280792445	0.071210131	1.311587811
0	0.384593427	-1.06663847	-0.326688349	0.564464033
1	1.392742634	0.8086887	-0.021582533	1.878193259
0	0.343504965	-0.523564637	-0.417405725	0.499888062
1	1.100712895	0.200834155	0.008014225	1.327672839
0	0.447352767	-0.724332929	-0.483498603	0.597671628
1	1.013625026	0.116807885	-0.248045981	0.944262207
0	0.50947845	-0.889006019	-0.506065369	0.919185817
1	2.308209896	0.700158715	0.801344991	2.144188404
0	0.043742985	-1.067811489	-0.198867351	0.849394202
1	1.706384897	0.331717163	0.567514241	2.193442583
0	0.208225667	-0.593879938	-0.151465237	0.417544425
1	2.521174669	0.424590737	0.983790576	1.905841351
0	0.06496954	-1.051281452	0.059910178	0.792238474
1	2.876107693	0.14515987	0.144162446	1.633181214
0	0.375299007	-0.800746799	0.005877048	0.812824488
1	1.867348671	0.546689332	0.074601278	1.233536005
0	0.198325217	-0.819830418	0.347090006	1.093626857
1	1.431319952	0.320199966	0.38713032	1.912598252
0	0.476454496	-0.450249165	0.171996087	1.307223439
1	1.169369578	0.521483004	0.888271928	1.60543859
0	0.525909483	-0.593669534	0.18700099	1.271166325
1	1.202207685	0.446386546	1.328198552	2.151527882
0	0.350644559	-0.478453994	0.291175574	1.176956773
1	0.377488226	0.895461679	1.359796286	1.916408062
0	0.495538682	-0.471106738	0.084361702	1.414265513
1	2.341270685	0.46856004	0.143462315	1.964579344
0	0.453439653	0.228787601	-1.052128315	0.654044807
1	1.445579886	0.749332845	0.056070253	1.464358807
0	1.055441976	-0.371643752	-0.423790306	0.631161273
1	2.338764429	0.131255239	1.108554602	1.931423903
0	0.600597203	-0.481429696	-0.463075638	0.449073493
1	2.611039162	0.65558368	1.261803031	1.448917508
0	0.839292109	0.197955489	-0.158960104	1.142197371
1	1.588299036	0.509539425	0.760209799	1.415262341
0	0.679260015	-0.194386005	-0.406131864	0.602406383
1	1.389948487	0.794070005	0.286506414	1.413268805
0	0.196708471	-0.225421369	0.246952444	-0.198726892
1	3.593068361	0.459474206	1.835121274	1.478561997
0	0.186183691	-0.025903463	0.115234911	-0.349116683
1	1.442593694	0.441347659	0.36703521	0.146727502
0	0.151390165	-0.230893224	0.258624464	-0.247123569
1	0.405780971	0.409475416	1.147159696	-0.056257352
0	-0.015089273	-0.237925768	0.274913788	-0.120487809
1	2.364896774	0.524303436	0.332375139	1.113045573
0	1.399321079	-0.038340092	0.080484271	0.340676308
1	2.080374241	0.422785997	0.476486564	1.178099871
0	0.254817337	-0.70724535	-0.310089588	0.881573677
1	0.655593812	0.066848576	0.75385499	2.090822458
0	-0.388921618	-0.117213488	-0.262727499	0.859544039
1	2.190041065	0.942379892	1.649876595	2.887983084
0	0.179148316	-0.730846107	0.283786058	1.192649722
1	0.611323833	0.650449395	1.27442944	1.656651139
0	0.094197869	-0.530681789	0.019517124	1.02484858
1	0.45684132	0.241122365	1.321822643	1.453149199
0	0.478513479	-0.490155607	-0.18159166	1.472124457
1	2.84776926	0.764425576	1.259601593	2.120051384
0	0.674311459	-0.93426621	0.785147071	0.990023077
1	1.394047022	0.720657647	1.100739717	1.968382478
0	0.498057783	-1.28927803	0.346023172	0.795610428
1	2.768171549	0.642317295	0.442062497	2.061696291
0	0.344721019	-0.618857026	0.575315475	0.774441123
1	0.34048295	-0.139464378	0.592624605	1.020363569
0	0.24534595	-1.020600677	0.355311453	0.686551213
1	0.939252615	0.024177231	0.248956874	1.877280951
0	1.614035964	-0.090512887	0.980306268	1.406782508
1	0.594589829	-0.413034916	0.495976925	0.698543668
0	0.518954515	-0.433271646	-0.315909863	0.752598822
1	1.680243254	-0.664151788	0.048548996	1.447991371
0	0.125671744	-0.263789415	-0.338191152	0.698741913
1	1.035886407	0.155947506	0.625130653	1.223280311
0	-0.253507912	-0.812644422	-0.259681761	0.451995105
1	2.087926865	0.239010438	1.106305003	1.699391127
0	0.204820991	-0.453660369	-0.546969891	0.575400651
1	0.35486865	0.376603484	1.254031062	0.871050417
0	0.133517265	-0.453405738	-0.237323523	0.468422353
1	1.546917558	0.306911409	0.63380444	2.049782753
0	0.290254384	-0.235984653	-0.035296708	0.441471875
1	2.741260767	0.581771314	1.631989956	1.486831784
0	0.955172777	0.064450979	0.168911248	0.974503636
1	2.926216841	0.5042665	0.799215853	1.391599059
0	0.135797292	-0.250832886	-0.129206628	0.617291391
1	0.326360524	0.093150392	0.902297854	1.039503694
0	0.957094133	-0.220686853	-0.157753289	0.792473614
1	1.07369256	-0.09446454	0.609839797	1.172972918
0	1.768018961	-0.855429947	0.085003614	0.843210638
1	2.401635408	-0.194175318	1.880746007	1.315937638
0	0.604936063	-1.510790467	0.052309602	0.18118462
1	1.944871545	-0.074658446	0.37582311	1.299019217
0	0.692810893	-1.23631382	0.188158035	0.160563439
1	1.184333205	-0.005031899	0.720097899	1.364205718
0	0.23726815	-1.054347038	0.190291107	0.368989646
1	0.067748904	-0.472665548	0.152426794	1.439448833
0	0.549760878	-0.901814818	-0.136738315	0.449795425
1	2.078193665	0.470661402	2.815263748	1.078854561
0	0.428310513	-1.127161741	-0.36255759	0.366375804
1	1.121290088	-0.34305197	0.234048039	1.308103323
0	0.994478285	-0.241072237	0.070504457	1.162038088
1	0.472267032	-0.852166653	-0.289599061	0.560323119
0	2.023588181	-0.227976784	1.874231577	2.705968857
1	0.43560046	-0.340253741	-0.137932807	0.780552268
0	0.523780107	-0.714096904	-0.427788496	0.685898304
1	2.382807255	0.744313598	1.696270466	1.872141004
0	0.109686702	-1.238690138	0.616869569	0.488274395
1	2.020136595	1.035694242	1.911576629	2.714698792
0	0.354926407	-1.094727039	0.412794769	0.711469889
1	0.792449951	0.308688223	0.759210825	1.157894731
0	1.446165442	-0.92790103	0.589448988	0.866197705
1	1.16043663	-0.125324011	0.988085985	1.064446807
0	2.183472872	0.492752165	1.522038341	1.892150402
1	0.803215027	-0.48759833	0.442656636	0.805199027
0	0.514935613	-0.393042475	0.406388164	1.715685248
1	0.517356694	-0.23233968	0.938542128	1.055356264
0	0.214980781	-0.325838447	0.020676255	0.871423066
1	0.876483738	-0.483926952	-0.288872421	1.703723669
0	0.349339008	-0.857726812	0.047745168	0.920821905
1	0.789408267	0.053879671	0.814323783	1.941027761
0	0.09496814	-0.615139902	0.891283453	1.460994482
1	1.009197116	-0.206712782	0.283543885	1.827813148
0	0.509802401	-1.422973633	-0.246913135	1.136333227
1	3.158197165	-0.110768385	-0.029938988	1.534964204
0	0.563258827	-0.943582475	-0.226953924	1.383582354
1	0.435523808	1.117907286	1.592005134	1.763022184
