label	GINS3	STAT1	DNAJB11	EXOSC1	DSG2
0	-2.170417547	0.097767651	-0.511299968	-1.742693186	-0.305529237
1	-1.46378684	1.773054719	1.015688896	-0.39316541	1.325640321
0	-1.670683861	0.297798812	-0.127277255	-1.982925177	0.234257817
1	-0.852084041	1.050207019	1.133652568	-0.407090217	1.119364381
0	-1.410257697	-0.09841311	-0.585806012	-1.52810204	-0.270558715
1	-1.113691807	1.090641737	0.665145814	-0.984496951	-0.308179438
0	-1.408259392	0.106029809	0.07879132	-1.728275061	-0.209790826
1	-1.836484432	1.801517844	1.375538945	-1.403127313	1.765385509
0	-1.930271626	0.490628242	0.070192605	-1.313779831	0.009177953
1	0.28224045	1.176905155	1.140146732	-0.347727686	1.350577712
0	-1.856581926	0.02584213	-0.550750077	-1.237978935	-0.150830805
1	-1.158821106	1.622996449	0.893025994	-1.143333554	1.016896605
0	-1.851315498	0.371633708	-0.184871435	-1.377514601	-0.152759194
1	-1.21434176	1.757753372	1.272669315	-0.910690784	-0.432926536
0	-2.15115881	0.070108116	-0.03174907	-1.458093405	-0.198784769
1	-0.825548947	1.350774765	1.438106894	-1.01185298	1.273464918
0	-2.063761711	0.485020518	0.143277913	-1.298285365	-0.046463281
1	-0.297013909	0.34365648	0.598695457	-0.227697924	1.613749743
0	-1.825030088	0.364710301	-0.120876789	-1.026774406	-0.079323351
1	-1.23600769	0.227240548	0.224127769	-0.531950176	2.130873919
0	-1.675221205	0.123364091	0.448390454	-1.824102163	-0.640863538
1	0.270724088	1.91262579	0.653880477	-0.668038607	0.369033128
0	-1.833217621	0.388488412	0.299010694	-1.773679495	-0.737461388
1	-0.447849333	0.539048135	1.081592798	-0.862036288	1.34218967
0	-2.153413296	0.167286456	-0.352875262	-1.527625918	-1.04348278
1	-1.183722496	1.211644411	0.851765573	-0.989308238	0.355653048
0	-2.052108049	0.609559953	-0.201023042	-2.077043772	-0.966256559
1	-0.936053813	2.222038984	1.100483656	-1.151540399	-0.234403104
0	-1.994258285	0.260511041	-0.485291362	-2.238423824	-1.24414885
1	0.432296187	1.659455657	0.660624683	-0.989336073	0.514907062
0	-0.830855727	0.333365113	0.30393821	-1.653847814	0.418278217
1	0.455572277	1.203464746	1.092948556	-1.312315345	1.422097087
0	-1.192413807	0.296621442	0.287848681	-1.756193638	0.601849675
1	0.16877687	0.905656159	0.453165501	-0.635495722	1.551748753
0	-1.46758163	0.026038945	-0.404098153	-1.877668738	0.199233055
1	-0.344810784	0.551323414	0.407610834	-1.446828604	0.068382233
0	-1.366363525	0.466833681	0.242705896	-1.522213578	-0.082721666
1	-0.832449436	1.066351056	0.643834949	-1.058239698	1.045116544
0	-2.038235664	-0.018070817	-0.085064471	-1.831038475	-0.017306983
1	-1.174304366	0.019843999	0.991173446	-1.263538718	1.043718815
0	-1.215861917	0.619589746	-0.053300858	-2.114846468	-0.529073477
1	-0.054042578	1.541324854	0.507055759	-1.32796371	0.464214623
0	-0.822791398	0.755884767	0.133656323	-2.130481958	-0.275734127
1	-0.381917953	2.249076366	0.574853241	-0.735001445	0.795284748
0	-0.993833959	0.401887327	-0.132510781	-1.598714113	-0.305426538
1	0.25924179	0.258257002	0.625240982	-0.967863262	0.833160818
0	-0.471843898	1.481085539	0.503335834	-1.393436432	-0.388647318
1	0.12071462	0.552336514	0.377410382	-1.293293357	-0.123971686
0	-0.737923026	0.726505816	-0.094799131	-1.892668128	-0.133400291
1	-0.457472384	1.931566477	0.580533922	-1.150107503	2.060972452
0	-1.261551619	0.009116054	-0.445976675	-2.618715525	-0.399764359
1	-0.062666774	1.703987598	0.696611881	-1.230098486	0.487232149
0	-0.976230383	0.120046258	-0.43544507	-2.083054781	-0.351320148
1	-1.755233884	-0.187044516	0.908349872	-1.450570822	1.25303936
0	-1.055378199	0.130618334	-0.029756904	-2.240230322	-0.316078365
1	-0.119913161	0.083466381	1.323528528	-0.843106627	1.798892736
0	-1.168786287	0.265187323	-0.018374205	-2.366565228	-0.432751358
1	-0.413176775	2.230764866	0.591688514	-1.12160635	0.55396378
0	-1.063302755	0.653573394	0.01227957	-2.181861877	-0.469170868
1	0.31211102	2.531243563	0.668105543	-0.778083682	-0.108358786
0	-2.273108721	0.27067095	-0.271472931	-1.789251566	-0.409205079
1	-0.26692602	1.998877406	0.569160461	-1.317825794	1.622325063
0	-2.866641045	0.26216647	-0.133663893	-1.730653524	-0.074775279
1	-0.388483614	1.761872172	0.762222648	-0.855286002	0.69702059
0	-2.132846355	0.262556493	-0.333120704	-1.75140202	-0.302095532
1	0.247022063	1.142248273	0.724641025	-0.807734013	0.844869137
0	-2.498030901	0.48311922	-0.080250889	-1.960098982	-0.386292428
1	0.06801419	1.170747399	0.981953561	-1.011738539	0.980456829
0	-2.479240179	0.478350341	0.445171773	-1.85137558	-0.618242323
1	-0.582174897	2.025834084	1.117236495	-1.270199418	0.758047938
0	-1.341458321	0.233646125	-0.717605114	-2.656724691	-1.481980324
1	0.180348277	2.250475645	0.969284654	-1.224540949	-0.012711078
0	-0.846856415	0.272690207	0.065442324	-1.874995232	-0.844953239
1	0.107952461	1.035056114	1.025164723	-0.425713748	0.191337287
0	-0.975291312	0.39555645	0.197218776	-2.865427017	-0.693023622
1	-0.61453402	2.100514889	1.187666774	-1.831767321	-0.429692358
0	-1.117136002	0.057738304	-0.611163378	-2.378469229	-1.141780615
1	-0.830059171	0.684571564	1.026202321	-1.362368822	0.180140704
0	-1.226651549	0.397018641	-0.83610785	-3.358861923	-0.744514346
1	-0.457947463	0.945644975	0.292640358	-1.303358793	0.416164637
0	-2.072636843	0.202566683	-0.264479876	-1.027461529	-0.383405685
1	-1.166373968	0.82053262	0.994720399	-0.744021595	-0.087901056
0	-1.928312659	0.176832318	-0.286459684	-1.446281791	-0.292731404
1	-0.75197041	2.374573231	0.78139323	-0.630886316	0.041791469
0	-2.012566566	0.228962779	-0.141333342	-0.853169799	-0.297370911
1	0.613545299	0.246969968	0.410040826	-0.686029553	0.80990386
0	-1.895386696	0.58962208	0.735228062	-0.40732038	-0.133175611
1	-0.928565264	2.321192741	1.155021191	-0.333886743	1.067944407
0	-2.268182278	0.597669005	-0.219928205	-2.23837018	-0.741659343
1	-0.897214174	2.101021051	0.877942801	-1.045028329	0.370285422
0	-2.599853039	0.78613472	0.325025499	-1.786028266	-0.486379623
1	-1.315019965	1.949337959	1.219388604	-1.54491806	1.771869421
0	-2.140964746	0.349538982	-0.316739678	-2.488394737	-0.452958107
1	-1.136088848	0.358081043	0.577694833	-1.149540067	-0.059192166
0	-2.297633171	0.771946788	0.420905709	-1.839134574	-0.54833436
1	-0.343782991	1.742807865	0.906101525	-1.011691213	0.178936675
0	-2.382934809	0.54558301	-0.240877509	-2.268756628	-0.541176677
1	-0.201228216	2.205784559	0.965906084	-1.544651985	0.269873679
0	-2.256490707	0.134088069	-0.499617368	-2.850037813	-0.480536133
1	-0.287948966	1.639814138	1.339318752	-1.550335407	0.415899873
0	-2.397511482	0.198959231	-0.154348791	-1.596746683	-0.713346183
1	-0.376878083	0.345622838	0.849154949	-1.202410936	-0.025062591
0	-2.264144659	0.332328916	-0.228182375	-2.254432201	-0.653140008
1	-0.279977679	1.20869875	0.549244106	-1.318500042	0.722135127
0	-2.488190651	-0.043890476	0.013359368	-2.333692312	-0.615871847
1	-0.067829341	1.051996112	0.335723132	-1.204672337	0.57636112
0	-2.182214975	0.289471358	-0.373694569	-2.3967309	-0.45189479
1	-0.908173561	0.618515968	0.917086899	-1.797131658	1.028375149
0	-2.59945178	0.389277548	-0.145409226	-1.590703487	-0.598972917
1	-0.268242478	1.829363823	0.560449958	-1.411845326	1.051846504
0	-2.265229225	0.293649942	-0.245117933	-1.491841793	0.696398497
1	0.119407848	1.608962059	0.950797856	-0.880592167	0.868100166
0	-2.910539389	0.181248605	-0.266335785	-1.660827398	0.438636333
1	0.316576034	1.296374917	0.625922263	-0.504790246	1.130260706
0	-2.800094128	0.289457232	0.03316009	-1.482994437	0.438337743
1	-0.614720345	2.327685595	0.756020069	-0.958055615	0.160891682
0	-2.728214741	0.466135085	-0.293382138	-1.723728657	-0.477254122
1	-0.9242571	1.740091681	0.583757102	-0.964913785	0.316531062
0	-1.774791002	0.169929326	-0.094161987	-1.635960817	-0.337367892
1	-0.194362447	1.327350736	0.992468357	-1.177318931	1.285370946
0	-2.363155842	0.245635957	-0.41500017	-2.617525339	-0.055053025
1	-0.561905086	0.643706799	0.336129546	-1.301834226	1.403747559
0	-2.139327049	0.304694772	-0.330917597	-2.358094215	-0.335341573
1	-0.061581545	1.694074035	0.501409829	-1.094744086	0.705948472
0	-2.237850666	0.474844754	-0.110707641	-2.189300537	-0.312020779
1	-0.583917499	0.835220337	1.45356071	-1.291103244	1.257554412
0	-1.899082661	0.436044246	0.077149957	-2.078860283	-0.097703904
1	-0.048880711	2.318647623	1.456257105	-0.74964124	0.34975633
0	-2.720393658	0.488228202	-0.383271098	-2.201338291	-0.001676202
1	-0.612305164	1.049506307	0.201518714	-1.264260292	0.25951311
0	-3.238557816	0.758831143	-0.477853507	-1.67701745	-0.087524623
1	-1.08917892	2.033777714	0.07100866	-1.282388687	0.969539165
0	-3.336352825	0.518492937	-0.479236245	-2.113733292	-0.071150303
1	0.480156302	1.332660198	0.279503703	-0.683157563	0.929252684
0	-2.930420399	1.056998134	0.253678083	-2.100742817	-0.176292777
1	-0.080022298	1.498697996	0.21009399	-0.714054167	1.462615728
0	-2.780124664	0.637693107	-0.462219596	-1.990406871	0.103275537
1	-0.652989864	1.45830214	1.115783215	-0.967604518	-0.815547705
0	-3.33754015	0.004235983	-0.295652509	-2.472827435	0.472581804
1	0.659917057	2.213387966	0.196157232	-0.644854844	2.625505447
0	-2.136290073	0.142399132	-0.172228873	-2.279912949	0.493129581
1	0.338141531	1.10284853	0.522081554	-1.33381176	1.296031356
0	-2.634227514	0.030898362	-0.176661998	-2.245700121	0.221424788
1	-1.772658825	0.402306527	0.281611383	-1.766186953	0.627634048
0	-2.352772951	0.230997384	0.056029618	-2.029275894	0.083018899
1	0.298461914	1.982606411	0.684145212	-1.143758655	1.017131805
0	-2.373394966	1.262732148	0.197427928	-2.129646778	0.113613367
1	0.192752466	1.364610553	0.822731137	-0.960042834	1.804985285
0	-2.519224882	0.191167861	-0.35482204	-2.191328049	-0.354961038
1	-1.540692568	0.675278723	0.550048709	-2.32686758	0.114536613
0	-2.113337994	0.123972118	0.234322071	-1.81444478	-0.655187726
1	-1.426332235	2.328418255	1.036401033	-0.820027828	0.378124058
0	-1.854614019	0.365563273	0.244644046	-2.198343992	-0.61464721
1	-1.984706521	1.381690741	2.358346701	-2.076020956	-0.487177968
0	-2.022295713	0.209674239	0.088099539	-3.023709059	-0.50349921
1	-2.878428698	0.589299798	0.829844713	-1.684352517	-0.13707149
0	-1.61857295	0.626433969	0.44776243	-2.406179905	-0.972006679
1	-1.466788292	1.604115725	1.204461932	-0.18772471	0.915634453
0	-1.637767196	0.347888231	-0.009838939	-2.68599081	-0.220915318
1	-0.410231352	1.503823876	1.446200848	-1.129679203	2.272666454
0	-0.922418475	0.307889253	0.14546904	-2.65121603	-0.443918973
1	-0.778584003	2.324250221	0.742539942	-1.215100884	1.767858982
0	-1.702949166	0.021518022	-0.316575497	-1.958029628	-0.46279034
1	-0.933655918	-0.18356812	0.038708121	-1.919123888	0.994390845
0	-1.902491689	-0.100475192	-0.286631346	-2.230683804	-0.338339806
1	-1.118442059	0.888388634	0.307161629	-1.540345788	0.746603847
0	-0.935591221	1.123353601	0.109785751	-1.819319963	0.049512729
1	-0.819772363	0.098507404	-0.206403971	-2.627905369	-0.172605634
0	-2.659727097	0.786936581	0.104613245	-2.029299736	0.154433191
1	-1.504215002	1.539654136	0.317248344	-1.161756992	0.159592211
0	-1.812186003	0.233354926	-0.38011539	-2.936827183	0.04835546
1	-1.078339338	1.276070476	0.616334796	-1.334376335	-0.49391672
0	-2.535116196	-0.032657802	0.151004821	-2.123064518	0.213578582
1	-1.114004493	2.07195878	1.168613076	-1.120825052	0.91528964
0	-2.349881172	0.230758309	-0.613407016	-3.009736538	-0.013595343
1	-1.026093125	0.531060338	1.723843813	-1.645272851	0.606400073
0	-1.8174963	0.188541293	-0.222608924	-2.148019075	-0.5727005
1	-0.138999477	2.087728262	0.950205803	-1.295437455	0.603826642
0	-1.595544577	0.384866029	0.271336108	-1.601743937	-0.781267166
1	-1.665889263	2.063280821	0.351235688	-1.35051477	0.059146643
0	-2.822445154	1.265619278	0.063563287	-1.563051939	-0.677576482
1	-1.872448564	2.202612638	0.913562834	-1.276040554	0.400369227
0	-1.715231776	0.113286823	-0.215724319	-1.682177901	-0.185410529
1	-2.291329861	0.275559396	0.387554348	-1.199157119	0.350938976
0	-2.191666365	0.872218847	0.054465175	-1.342040062	-0.82983309
1	-1.278107166	1.20447731	0.567490518	-1.292756796	0.158888206
0	-1.075527668	1.343498707	0.411926746	-2.253160477	-0.34745425
1	-0.251070023	2.07243824	1.331501126	-1.652010441	1.81703949
0	-1.180447459	0.171208233	-0.37580958	-1.576010823	-0.241764814
1	-1.040335894	1.857860804	0.778725147	-2.35035944	0.070813008
0	-1.426571369	0.35321027	-0.458161592	-1.89172554	-0.623145163
1	-0.382809937	0.813670516	0.696387827	-1.571236014	0.482313335
0	-1.282384634	0.528475046	-0.48097074	-2.182248831	-0.6477319
1	-0.898295701	1.305839539	0.200594649	-2.062709332	2.172218084
0	-0.69332993	0.75075531	0.081331298	-1.658438563	-0.240658179
1	-0.200582698	1.607028842	1.098906398	-2.089945078	1.535920143
0	0.286063194	0.238866091	-0.174313486	-2.775072813	-0.892938554
1	-0.750646293	1.169237256	0.345945805	-2.693507195	0.380105197
0	-0.746691227	1.022370219	0.471769333	-1.394035935	-0.485043287
1	-0.044247627	0.182790339	-0.160506129	-2.411425114	-0.843640327
0	0.560666621	1.913461208	0.633834779	-1.152122259	-0.293100476
1	0.079483598	0.369646162	0.733874798	-2.406123877	-0.894680858
0	-0.122312427	0.241583943	-0.145546794	-2.025323153	-0.491914988
1	0.392828882	2.38542819	0.825011611	-1.652563095	0.022291377
0	-0.474760503	0.146003276	-0.013925821	-2.001684427	-0.986907363
1	0.287356555	1.648981929	0.866113663	-0.927166939	0.295523942
0	-0.538677752	0.169960439	-0.350320518	-2.27261591	-0.655601561
1	0.05889824	0.955486119	0.552469254	-1.121454954	0.504145026
0	-0.745787024	1.03785491	-0.438418388	-1.938637495	-0.823137403
1	-0.057343781	0.779817522	0.239587158	-1.439493656	-0.359501064
0	-0.450839698	1.386688471	1.011846304	-1.330647707	-0.066196449
1	-0.792205095	0.594811618	0.092271358	-2.259945393	-0.951300979
0	-0.438275486	0.583114266	0.819022655	-1.779703021	-0.773545802
1	0.007998228	0.397727072	0.340433955	-1.965372443	-0.123984396
0	-1.854095459	0.880035818	0.541026473	-1.897016048	0.215051949
1	-2.197410822	1.218530059	0.469234735	-0.980383813	0.857010365
0	-1.453993201	0.570506573	0.184868932	-1.65843761	-0.349026322
1	-1.659938335	0.909137189	0.834731102	-0.789994121	0.294799149
0	-3.37122345	0.308289498	2.448878288	-1.80176425	-0.223335207
1	-1.707377195	0.984169483	1.858668089	-1.287891865	-0.041957408
0	-2.379796982	0.543938398	0.650587678	-1.52547884	-0.802221417
1	-1.632292867	2.237457752	1.090051055	-0.87925005	-0.068437412
0	-2.596157551	0.522838473	0.677908599	-1.379297018	-0.668230712
1	-2.240463972	0.796397328	1.436879396	-0.466288865	0.555253088
