label	ITGB6	TAPBP	SLC1A5	DSG2	PCNA
0	0.313256174	0.807850361	-1.36263299	-0.305529237	-1.526701689
1	2.309001684	2.718449354	1.003654957	1.325640321	-0.45225814
0	0.471060693	0.983186901	-0.55396235	0.234257817	-1.342477322
1	0.004713334	2.20689702	0.214685783	1.119364381	-0.581233263
0	0.41974619	0.88426882	-1.434107661	-0.270558715	-1.304601073
1	0.776700377	2.153261185	-0.110114634	-0.308179438	-0.523021877
0	0.371273726	1.171175838	-0.731638908	-0.209790826	-1.280190468
1	2.267266512	2.41665864	-0.224607348	1.765385509	-0.269186229
0	0.536282778	1.435940385	-0.329224497	0.009177953	-1.451393843
1	0.630331159	2.224543333	0.295734674	1.350577712	0.223326772
0	1.026159883	0.529396713	-0.846599281	-0.150830805	-1.127516985
1	4.458573341	1.613634825	0.395445406	1.016896605	0.010396279
0	0.912743092	0.667426109	-0.708351374	-0.152759194	-1.162680864
1	1.194307089	2.151438236	0.42202121	-0.432926536	-0.048939317
0	1.289145947	0.843546748	-0.472448885	-0.198784769	-1.364229202
1	2.534357786	1.931340933	1.219447494	1.273464918	-0.231530935
0	1.387251973	0.972361922	-0.681707025	-0.046463281	-1.058426619
1	2.190149307	1.441282988	0.692743838	1.613749743	-0.368432015
0	1.642127275	0.772709012	-0.717670619	-0.079323351	-1.103184462
1	4.864751339	1.214252949	0.204083294	2.130873919	-0.798343539
0	-0.598425508	0.676548541	-0.666052818	-0.640863538	-1.356753111
1	1.640172243	2.005042315	0.639981031	0.369033128	0.323846787
0	-0.270446539	1.039679646	-0.67033428	-0.737461388	-1.281761646
1	0.742696524	1.306990981	0.509231031	1.34218967	-0.372528672
0	-0.46422419	0.762999535	-1.468774676	-1.04348278	-1.241255522
1	2.000328064	1.832586288	1.00528872	0.355653048	-0.019209258
0	-0.409324229	0.971723735	-1.171497822	-0.966256559	-1.503525019
1	2.44214797	2.749274015	-0.252125233	-0.234403104	-0.711405694
0	-0.393788815	1.057682872	-1.551015496	-1.24414885	-1.336546183
1	1.502621889	2.080290794	0.379817903	0.514907062	-0.037699394
0	1.05906558	1.352128029	-0.137483567	0.418278217	-0.887356281
1	3.308627129	3.013264179	-0.460629523	1.422097087	0.083298676
0	1.243191957	1.62987566	-0.275674701	0.601849675	-1.1985116
1	3.956021786	2.493025064	0.349574447	1.551748753	0.019172218
0	0.760169625	0.690085471	-0.774101138	0.199233055	-1.484787345
1	2.623964787	2.172764063	0.082588464	0.068382233	-0.267725229
0	0.905714512	1.910974979	-0.710547447	-0.082721666	-0.948931456
1	2.079640388	2.790539026	0.766144633	1.045116544	0.12910521
0	1.018586397	0.584893465	-0.569479465	-0.017306983	-1.45447588
1	0.006626505	1.962877631	1.650708675	1.043718815	-1.621362448
0	0.787583053	0.960651219	-1.680831909	-0.529073477	-1.321949005
1	2.265797853	2.376552582	0.304424912	0.464214623	0.077734232
0	1.306454539	1.140609264	-1.08185792	-0.275734127	-1.334819317
1	3.966039419	2.762585878	0.614338934	0.795284748	0.181347251
0	1.231639981	0.839582384	-1.091038227	-0.305426538	-1.427562237
1	4.369801521	1.311061263	0.236850381	0.833160818	0.069775283
0	1.470744848	1.825005293	0.316378444	-0.388647318	-0.466059923
1	1.449676514	1.138261557	0.06339287	-0.123971686	0.024242844
0	1.115424991	1.120631695	-0.789969087	-0.133400291	-1.104138136
1	4.003685474	2.828764677	-1.745210052	2.060972452	-0.295150191
0	0.442005247	0.824085116	-0.409575999	-0.399764359	-1.248027802
1	2.658004761	4.103230953	-0.149703741	0.487232149	0.237529963
0	0.413988054	1.143833995	-0.780823588	-0.351320148	-1.267101288
1	0.514256477	1.922247767	1.152009368	1.25303936	-1.546094775
0	0.228860319	1.086618185	-0.779560983	-0.316078365	-1.163786411
1	0.996250749	2.918932915	0.827616572	1.798892736	0.371217102
0	0.489236683	1.688920617	-0.316489995	-0.432751358	-1.050370216
1	2.874352455	3.337193489	0.57496208	0.55396378	-0.126566589
0	0.220656335	2.216605425	-0.778404176	-0.469170868	-1.17149806
1	1.354855537	4.114820957	0.213595688	-0.108358786	0.594874382
0	0.838611662	0.551520586	-0.033291578	-0.409205079	-1.695406437
1	3.77302289	2.576301813	0.284689903	1.622325063	0.25343138
0	1.468236208	0.825503707	-0.325404882	-0.074775279	-1.604228735
1	1.919324398	2.822438478	0.406655192	0.69702059	-0.222420812
0	1.166551948	0.626835763	-0.348918676	-0.302095532	-1.649631143
1	3.39774704	2.496433496	-0.662852824	0.844869137	-0.085452631
0	1.349768162	1.057978392	-0.762286663	-0.386292428	-1.577664375
1	2.259754419	1.631106973	1.147533774	0.980456829	0.796514392
0	1.165034175	1.415796399	-0.734222949	-0.618242323	-1.393775105
1	1.826550722	2.953146696	0.485684633	0.758047938	-0.217253834
0	0.550406277	1.180635929	-1.358984947	-1.481980324	-1.10167551
1	2.64827013	2.95720768	0.500167608	-0.012711078	0.207674369
0	0.425424099	1.282387018	-0.020347953	-0.844953239	-0.729652584
1	1.456557035	2.276283979	0.951034188	0.191337287	0.329567015
0	1.117899656	1.156590462	-0.552047551	-0.693023622	-0.685486853
1	0.901436567	3.317192316	0.219038263	-0.429692358	-0.305856198
0	0.39431572	0.726740718	-0.749073029	-1.141780615	-1.161834478
1	3.258471966	1.807613134	0.213470623	0.180140704	-0.281357348
0	1.163851142	0.911969662	-1.318624616	-0.744514346	-0.788303971
1	1.605615973	1.372439861	0.600989282	0.416164637	-0.358930856
0	0.404645741	0.705731153	-0.820552707	-0.383405685	-1.315433025
1	2.884025097	1.67526269	-0.231452763	-0.087901056	-0.729221046
0	1.543716669	0.795733571	-0.184262514	-0.292731404	-1.331436753
1	4.050125122	2.510072708	0.369683385	0.041791469	0.583407879
0	1.513222456	0.76336211	-0.719731688	-0.297370911	-1.136242747
1	-0.476065427	0.914876819	-0.364760876	0.80990386	0.224176124
0	0.24687469	0.916545808	-1.023355961	-0.133175611	-1.018575191
1	4.235836506	2.598627806	-0.365063369	1.067944407	-0.339104533
0	0.663375974	0.988290548	-0.411929309	-0.741659343	-1.094705582
1	2.596264362	2.779621124	0.372197509	0.370285422	0.228859857
0	0.756125033	1.295365453	-0.337019145	-0.486379623	-0.891454101
1	0.604905605	1.860164046	1.914988399	1.771869421	0.534398913
0	0.902813017	0.837418854	-0.570908189	-0.452958107	-0.749860406
1	2.059459448	1.406944752	0.137529939	-0.059192166	-0.345544636
0	1.046852589	0.924338579	-0.268838316	-0.54833436	-0.878305197
1	2.081189632	2.003752947	-0.036202963	0.178936675	-0.159120977
0	0.729047418	1.165494919	-0.537378192	-0.541176677	-0.920176506
1	2.989871979	2.166648388	-0.0225542	0.269873679	-0.127026215
0	0.722022176	0.605858743	-0.650561333	-0.480536133	-2.491471291
1	2.135453701	2.539577484	-0.274983585	0.415899873	-0.279529989
0	0.312527716	0.617028713	-0.788986146	-0.713346183	-2.232858181
1	1.011352301	0.718364239	0.041539147	-0.025062591	-0.327097297
0	0.794669688	0.811311364	-0.954656065	-0.653140008	-2.547429323
1	2.54434824	1.278796554	0.495787978	0.722135127	-0.369138986
0	0.083443046	0.435592175	-0.704854071	-0.615871847	-2.102891207
1	1.311779022	1.42275548	0.958827257	0.57636112	-0.150854558
0	0.49407956	0.654487908	-0.979157686	-0.45189479	-2.591146469
1	1.766404152	0.404759109	0.329500228	1.028375149	-0.422570169
0	0.827760339	-0.036518812	-0.90215981	-0.598972917	-1.122507811
1	1.914542794	1.015223265	0.391546547	1.051846504	-0.352444649
0	0.972652078	-0.30035606	-0.561066747	0.696398497	-1.092217207
1	1.051414132	0.744445145	0.199565783	0.868100166	0.379310369
0	0.785899639	-0.654826522	-1.045637012	0.438636333	-1.113160014
1	2.798596621	1.266632557	-0.246316224	1.130260706	-0.00929936
0	0.835159838	-0.429276943	-0.406061769	0.438337743	-1.032353401
1	1.707752347	1.796957374	-0.238305509	0.160891682	-0.462862134
0	1.14216876	0.36540845	-1.028147697	-0.477254122	-1.191961527
1	0.427254647	0.985305429	0.843998253	0.316531062	-0.203677297
0	-0.203326046	0.82384336	-0.53120482	-0.337367892	-1.144297957
1	0.934205055	1.761687875	-0.333220482	1.285370946	-0.200825796
0	0.025704056	1.020944953	-0.96506989	-0.055053025	-1.18411839
1	1.373470068	1.230705738	0.09406288	1.403747559	-0.072393999
0	-0.017058194	0.848935127	-0.686960936	-0.335341573	-1.185073137
1	2.380794048	1.314005852	0.268701017	0.705948472	0.181756049
0	-0.205191255	1.516008377	-1.04857254	-0.312020779	-1.15236032
1	2.095681906	1.20326066	-0.185082167	1.257554412	-0.796816349
0	0.042051226	1.450560927	-0.815133333	-0.097703904	-1.282087564
1	1.382383585	3.488175154	0.110916205	0.34975633	0.364316344
0	1.644516945	0.929373443	-1.204742432	-0.001676202	-1.719447851
1	1.293293357	1.802065849	0.288669825	0.25951311	-0.662763059
0	0.735213757	1.537839532	-0.942794442	-0.087524623	-1.428100586
1	0.87559998	2.863441944	-0.179192469	0.969539165	-0.674036562
0	1.389722109	1.324238777	-1.039253831	-0.071150303	-1.331899762
1	1.757023573	1.805082679	0.081273533	0.929252684	0.149202108
0	0.755096078	1.660576582	-0.303104401	-0.176292777	-1.100604653
1	2.222708225	2.262056828	-0.210930943	1.462615728	0.143128559
0	1.511705756	1.416597128	-0.724693537	0.103275537	-1.207689404
1	0.876603842	2.377917051	0.052613601	-0.815547705	-0.419736534
0	1.312304497	0.629255891	-0.701491117	0.472581804	-1.24885726
1	3.22437501	2.067126751	1.499425411	2.625505447	0.325998247
0	1.522442102	0.264720261	-0.664164424	0.493129581	-1.013924003
1	3.51038456	2.429265022	-0.583826602	1.296031356	-0.25727886
0	1.31445694	0.399310887	-0.730553985	0.221424788	-1.160824418
1	3.668326855	0.94244349	-1.173473835	0.627634048	-0.552601218
0	1.438143969	0.526521504	-0.668309331	0.083018899	-1.399194956
1	3.162819862	2.325900078	0.494231462	1.017131805	0.42051059
0	2.060482502	1.482106209	-0.613586664	0.113613367	-1.108994126
1	3.386044264	2.163784027	0.28310585	1.804985285	-0.251684099
0	0.255840391	0.712233126	-0.221458018	-0.354961038	-1.153396726
1	1.703639269	1.68808341	0.186834455	0.114536613	-0.353282928
0	0.362104177	1.118844748	1.153521419	-0.655187726	-1.251629829
1	2.531538963	4.026568413	0.60062933	0.378124058	-0.571228087
0	0.670817375	1.301348448	0.112566769	-0.61464721	-1.077323198
1	2.605270863	2.152613878	-0.407532513	-0.487177968	0.159968704
0	0.553615332	1.028847098	0.341177344	-0.50349921	-1.077407837
1	0.525591493	1.920557499	0.553194106	-0.13707149	-0.595868945
0	0.375937968	1.816155434	-0.260807246	-0.972006679	-1.029685736
1	1.703972697	3.37463069	0.801965058	0.915634453	0.342160314
0	1.427289605	0.784433782	-1.82184422	-0.220915318	-0.989176631
1	3.526041269	3.438139915	0.834959209	2.272666454	0.608029664
0	1.092010021	1.16437161	-0.515038133	-0.443918973	-1.02427423
1	2.860554934	3.222760201	1.603448749	1.767858982	-0.280652344
0	1.210931063	1.205327988	-0.693678975	-0.46279034	-1.212674618
1	1.615009069	0.632015228	-0.966017067	0.994390845	-0.557131648
0	0.831528783	0.413711399	-0.876933098	-0.338339806	-1.470326781
1	0.808137655	1.613070846	-0.039420709	0.746603847	-0.416509777
0	3.383014679	1.785161853	-0.764915943	0.049512729	-0.648887873
1	1.148680568	1.084708929	-0.649065256	-0.172605634	-1.082592368
0	0.349651396	1.637241602	-0.640936852	0.154433191	-1.18583858
1	1.183021069	1.992484689	0.081944346	0.159592211	-0.267682314
0	0.913464665	0.91892612	-0.923659086	0.04835546	-1.06000638
1	2.183815718	1.798545122	0.90028739	-0.49391672	-0.253833324
0	0.020454586	0.673026323	0.070010662	0.213578582	-1.24247098
1	2.425533056	2.373775721	-0.545771003	0.91528964	-0.787595987
0	0.404635727	0.751409888	-1.605387807	-0.013595343	-1.420319915
1	3.238819122	1.38017118	-1.410296559	0.606400073	-1.278568149
0	0.596450686	1.140040755	-1.08712244	-0.5727005	-1.012424946
1	2.345089436	1.468164206	0.031922653	0.603826642	-0.249712184
0	1.222113252	1.022010326	-1.000881195	-0.781267166	-1.082672954
1	4.214796066	3.082762718	-0.087016642	0.059146643	-0.322693944
0	2.081470966	1.639509678	-0.989340246	-0.677576482	-1.112243891
1	3.575591564	3.227446079	-1.127049327	0.400369227	-0.601296127
0	0.827051878	0.953970313	-0.956178904	-0.185410529	-1.070116878
1	1.851563454	1.764721394	-0.054803491	0.350938976	0.08670032
0	0.958620846	1.829662561	-0.217484295	-0.82983309	-0.979483068
1	2.275884867	2.022514105	-0.303062737	0.158888206	-0.694176137
0	1.096270323	2.005684376	-0.239134133	-0.34745425	-1.091367006
1	3.892362118	2.559050083	0.474333465	1.81703949	0.496561944
0	0.66558516	0.917108417	-1.37814796	-0.241764814	-0.876973152
1	1.078791142	1.448888063	-0.067369126	0.070813008	-0.457778931
0	0.669125915	0.516230822	-1.452600718	-0.623145163	-0.992446244
1	2.246473551	1.162150502	0.130765304	0.482313335	-0.485370398
0	0.542878628	0.358727276	-1.561798096	-0.6477319	-0.89842999
1	0.556940556	0.716316104	0.221520185	2.172218084	-0.115707725
0	0.91090858	1.165665627	-0.535317957	-0.240658179	-0.897303581
1	2.872344255	1.789116979	0.224825799	1.535920143	0.375137091
0	0.464064956	0.316303909	-0.365023792	-0.892938554	-0.907989919
1	2.430749178	1.067244053	-0.522035182	0.380105197	-0.718509376
0	2.071011305	0.919979811	-0.249883175	-0.485043287	-0.824412584
1	1.117232442	0.283868492	-0.884353518	-0.843640327	-0.829999685
0	3.812979698	1.746927857	0.19384253	-0.293100476	0.422682524
1	0.775024116	0.6127038	-0.721168518	-0.894680858	-0.818098426
0	0.807777405	0.276456654	-0.857505798	-0.491914988	-1.090013981
1	3.105444193	1.600825906	-0.247451097	0.022291377	0.339112103
0	0.275676817	0.484286517	-0.550731659	-0.986907363	-1.134536743
1	4.272132397	1.898981214	-0.694973707	0.295523942	0.188001841
0	0.74166733	0.568252444	-0.573417604	-0.655601561	-1.006138325
1	0.906170428	1.465449452	-0.300491989	0.504145026	0.376514822
0	0.706294358	1.465536594	-0.898020267	-0.823137403	-1.283925056
1	1.604479074	1.623713732	0.022441745	-0.359501064	-0.345078707
0	2.067932367	2.010023594	0.607431829	-0.066196449	-0.265647233
1	1.080698133	1.259066463	-0.659720302	-0.951300979	-1.117247343
0	2.549305439	1.208176255	-0.245811522	-0.773545802	-0.453554392
1	1.741179705	1.064374804	-0.214382648	-0.123984396	-0.371488571
0	0.87869817	1.059658051	0.909636796	0.215051949	-1.285163403
1	0.966028631	1.577618599	0.716937125	0.857010365	-0.528345823
0	1.131399632	1.190291286	-0.5257411	-0.349026322	-1.318028331
1	2.417272568	2.251281261	-0.050148293	0.294799149	-0.412202984
0	3.045737028	0.833131909	-1.862565279	-0.223335207	-1.498440742
1	1.833888054	2.262414455	-1.369896412	-0.041957408	-0.91718334
0	0.254046321	1.266245365	-0.592274547	-0.802221417	-1.398812056
1	3.015618801	3.649719954	-0.424502492	-0.068437412	-0.360441446
0	0.677831292	1.467616796	-0.702341139	-0.668230712	-1.388731003
1	3.551721811	1.624338865	-1.32056129	0.555253088	-0.316618502
