label	ITGB6	MCM2	TNC	TAP2	TMEM164
0	0.313256174	-1.65205121	2.219102383	0.84112674	-1.754061937
1	2.309001684	-0.09538091	3.12766695	2.433768272	-0.038927346
0	0.471060693	-1.229517221	1.377407074	0.897188365	-1.349037409
1	0.004713334	-0.722047031	1.754014492	2.192864656	0.591594636
0	0.41974619	-1.496409535	1.88615346	1.018987894	-1.179061651
1	0.776700377	-0.467606425	2.043893814	1.680191159	0.375839293
0	0.371273726	-1.215014458	1.363446116	1.236768603	-0.82939899
1	2.267266512	-0.692616343	2.398157358	2.283615112	0.226023018
0	0.536282778	-1.228425622	1.297099233	1.380226016	-0.743433356
1	0.630331159	-0.181729108	3.286874056	1.931826591	0.042924333
0	1.026159883	-1.276878357	1.776999474	0.677586854	-0.045131445
1	4.458573341	0.198702648	3.281508446	1.936249852	0.783154726
0	0.912743092	-1.188289642	2.078603745	0.891405761	0.398793936
1	1.194307089	-0.788410425	2.804315567	2.19474864	0.720241606
0	1.289145947	-1.241638422	2.059020281	0.943247378	0.669635773
1	2.534357786	0.002295762	2.543996811	1.821562767	1.030178308
0	1.387251973	-1.251323462	1.465186357	1.096037149	0.183371574
1	2.190149307	0.17858471	1.806759477	1.286272168	0.624047637
0	1.642127275	-1.102717161	0.991661549	0.892223358	0.1132465
1	4.864751339	-0.52354604	3.53293252	0.99930352	-0.388580799
0	-0.598425508	-0.91078949	1.16239059	0.565815628	-1.894329548
1	1.640172243	0.05342029	1.980042934	2.220622301	-0.231018126
0	-0.270446539	-0.821658194	1.561054587	0.924261808	-1.510135889
1	0.742696524	0.158691823	1.301140428	0.969711006	0.152053848
0	-0.46422419	-0.890841603	1.468547821	0.406269491	-1.702886701
1	2.000328064	0.052144311	3.345842361	2.209697008	-0.819009662
0	-0.409324229	-0.455595434	2.297178507	0.980633795	-1.565252304
1	2.44214797	-0.300229996	2.581629276	2.385231733	-0.845387876
0	-0.393788815	-1.069245696	1.915791631	0.701118529	-1.781422734
1	1.502621889	-0.080282278	2.304773569	1.788859129	0.381122619
0	1.05906558	-0.997457504	2.150855541	0.721051574	-1.46224606
1	3.308627129	0.1467994	2.573683977	1.736495018	0.461987793
0	1.243191957	-0.96568042	1.997610331	0.846191347	-1.083419561
1	3.956021786	0.321228594	3.567525625	1.109830141	1.166185498
0	0.760169625	-1.377399087	1.332455158	0.379903436	-0.414395571
1	2.623964787	-0.641354799	2.13334322	0.81647712	0.632374704
0	0.905714512	-1.02198565	1.566568613	0.818483829	-0.799063206
1	2.079640388	0.434933066	0.490274608	1.222503304	0.303682327
0	1.018586397	-1.373160839	2.982118607	0.53390646	-2.183624983
1	0.006626505	-1.888281107	1.188216329	1.035980701	0.212503821
0	0.787583053	-1.79169178	1.96109736	0.76147151	-0.858822942
1	2.265797853	-0.173488915	2.643248558	1.91437304	0.582569361
0	1.306454539	-1.782359838	2.206357956	0.708302438	-0.961884677
1	3.966039419	0.107468762	1.977096558	2.032028198	0.072954491
0	1.231639981	-1.746452808	1.381830692	0.449902952	-0.706702888
1	4.369801521	0.110188544	3.457324266	0.926841021	0.440320164
0	1.470744848	-0.320504367	1.557040453	1.467948198	0.379644215
1	1.449676514	-0.362477273	3.375678539	0.774267554	0.240040898
0	1.115424991	-1.670580506	1.257359624	0.716231525	-0.218420893
1	4.003685474	-0.863268375	2.088195801	2.511882067	1.762980819
0	0.442005247	-1.359622002	1.379906416	0.544735491	-0.773732722
1	2.658004761	0.134951904	1.738105536	1.764443159	-0.120927542
0	0.413988054	-1.140657663	2.329361916	0.537196159	-1.016948938
1	0.514256477	-1.878564119	2.286496401	0.836124301	-0.655263782
0	0.228860319	-1.227340937	1.951225042	0.532756925	-0.675433218
1	0.996250749	0.164194912	0.320978582	1.271939397	0.810767651
0	0.489236683	-1.308212042	2.337733746	0.907138109	-0.750147641
1	2.874352455	0.05104202	3.343341827	1.770027637	-1.272418499
0	0.220656335	-1.144349813	2.007123947	0.939216673	-1.015786648
1	1.354855537	0.288010478	1.751097083	2.508611679	-0.455319643
0	0.838611662	-1.602963686	0.694656491	0.943796337	-0.496204138
1	3.77302289	-0.001505569	3.527142286	2.01400876	1.484897733
0	1.468236208	-1.514603853	0.669258296	0.667739868	-0.202328205
1	1.919324398	-0.213026077	2.261285782	2.065863848	-0.576122761
0	1.166551948	-1.552765727	0.766846776	0.829310894	-0.695865154
1	3.39774704	0.299689651	2.004191637	1.882553458	-0.012662247
0	1.349768162	-1.490906	1.180714607	1.405827165	-0.170098752
1	2.259754419	0.475550622	2.384198427	1.093878269	0.117690943
0	1.165034175	-1.36952281	0.797888339	1.263999104	-0.45843935
1	1.826550722	-0.411503345	2.056083679	2.331406116	-0.255059689
0	0.550406277	-1.292793512	1.392626047	1.342801213	-0.382715672
1	2.64827013	0.585154891	1.475156188	2.769316912	-0.257478118
0	0.425424099	-0.925329268	1.417761207	1.189755201	0.082323968
1	1.456557035	0.041088641	2.189898729	1.783355355	-0.585333347
0	1.117899656	-1.171304703	1.797224998	1.157929659	0.113738179
1	0.901436567	-0.542586803	1.739504933	3.261767387	0.312436819
0	0.39431572	-1.441868782	1.078445077	1.017755747	-0.965399504
1	3.258471966	-0.421910286	3.716712475	2.134115934	0.13829422
0	1.163851142	-1.293477416	1.42199409	1.262153983	-0.019273609
1	1.605615973	0.261719167	2.090698004	1.220358014	0.787129164
0	0.404645741	-0.722809911	1.574617147	0.847708642	-1.031930447
1	2.884025097	-0.691440046	2.682618856	1.360630512	0.143810973
0	1.543716669	-0.911013126	1.376964808	0.599990368	-0.943693519
1	4.050125122	0.196561217	2.460755825	1.99878788	0.760415435
0	1.513222456	-0.729848504	1.603593826	0.860349774	-0.747440338
1	-0.476065427	1.1846174	1.968714237	0.258084595	2.090204954
0	0.24687469	-0.480275154	1.967651606	0.881546497	-1.159809589
1	4.235836506	-0.145133719	2.076012135	2.3145082	0.693783641
0	0.663375974	-1.092739344	1.458308458	-1.437572241	-0.217550218
1	2.596264362	0.342201263	2.048480511	0.299961627	1.438203692
0	0.756125033	-0.971412301	1.733682394	-1.337947726	0.051712215
1	0.604905605	0.102063328	3.27174902	-0.650053501	1.622324705
0	0.902813017	-0.96433866	1.563054562	-1.982292771	-0.663924456
1	2.059459448	-0.152516648	2.921653271	-1.052175641	0.363654375
0	1.046852589	-0.833296537	1.457802176	-1.479691386	0.184782296
1	2.081189632	0.145388097	1.085935473	-0.387538314	0.472731858
0	0.729047418	-1.043764949	1.112174988	-1.570465803	-0.510201693
1	2.989871979	0.127100453	1.235045791	-0.2352321	0.266650826
0	0.722022176	-0.619811296	1.065152764	0.621848941	-1.000374317
1	2.135453701	-0.343841434	2.611959696	2.1534729	0.657634914
0	0.312527716	-0.945206344	1.092027187	0.823640406	-0.628234208
1	1.011352301	-0.272859633	2.436095238	1.107429981	-0.068593353
0	0.794669688	-0.902838171	1.337781549	0.758056879	-0.962531149
1	2.54434824	-0.040110949	1.04258728	1.401181102	0.255325735
0	0.083443046	-1.184935331	0.529040515	0.636363685	-0.782164395
1	1.311779022	0.2935628	1.474393129	1.728587508	-0.009963115
0	0.49407956	-0.844899654	0.792677164	0.690842628	-0.765401125
1	1.766404152	0.060488887	2.933126926	0.638329744	-0.187810898
0	0.827760339	-1.232673883	1.994931102	0.928245008	0.103700042
1	1.914542794	0.017682821	1.822479606	1.49337399	0.286456198
0	0.972652078	-1.21476841	1.194706917	0.753628552	-1.80076313
1	1.051414132	-0.067004085	2.399508715	1.524754524	0.537531495
0	0.785899639	-1.402921438	1.546961188	0.348938227	-1.049311519
1	2.798596621	0.346347421	3.08419919	1.956131577	0.908983648
0	0.835159838	-1.296224594	0.990542769	0.545431614	-1.236963153
1	1.707752347	-0.103207909	2.226666689	2.155227423	-0.121690474
0	1.14216876	-1.033479095	1.139527559	0.949386358	-0.84088707
1	0.427254647	-0.457559168	0.693002462	1.437922597	0.584725022
0	-0.203326046	-1.251603246	1.186276913	0.988626719	-0.405483127
1	0.934205055	-0.301919878	3.118517876	1.864348888	-0.085578635
0	0.025704056	-1.068050623	1.690948367	1.01605463	-1.001599312
1	1.373470068	-0.741312325	1.866305113	1.352118731	1.239983439
0	-0.017058194	-1.283365965	1.44751811	1.062145472	-1.178637981
1	2.380794048	-0.412034184	1.922545075	1.499212742	0.128745615
0	-0.205191255	-1.253643513	2.054120779	1.292408466	-0.982018471
1	2.095681906	-0.782125711	2.258502722	2.345669746	-2.831679583
0	0.042051226	-1.008024693	0.956357956	1.537997365	-1.1010952
1	1.382383585	-0.289459407	3.415576458	3.353089809	0.183873042
0	1.644516945	-0.559621453	1.420174122	1.280042052	-1.056228399
1	1.293293357	-0.118487015	1.939716101	1.339821577	0.158095017
0	0.735213757	-0.882058263	0.997766852	0.917897701	-1.155744553
1	0.87559998	-0.09634842	1.802090883	2.099542141	-0.778431118
0	1.389722109	-0.733336449	1.666517973	0.837527454	-1.779432654
1	1.757023573	0.281230688	1.605434418	1.300385714	-0.045122854
0	0.755096078	-0.781975985	1.805990577	1.169301033	-0.004158735
1	2.222708225	0.086620182	2.859422684	1.684621811	0.15561974
0	1.511705756	-0.40848875	0.901432216	0.831658363	-1.432227969
1	0.876603842	-0.618120074	3.013625622	1.488572478	-1.061737537
0	1.312304497	-1.047307372	0.404252261	0.609766185	-0.616138577
1	3.22437501	0.589437127	2.163095474	1.713585019	-0.151933089
0	1.522442102	-0.774959564	0.344939411	0.387729794	-0.226083755
1	3.51038456	-0.364330351	3.83888936	1.789144278	1.068077803
0	1.31445694	-0.880583167	0.658524394	0.483252913	-0.548171043
1	3.668326855	-0.545516074	2.763969898	0.495666921	-0.033062384
0	1.438143969	-1.002462864	0.473179311	0.494231075	-0.453592539
1	3.162819862	0.164805904	1.872450113	1.95575583	0.853636861
0	2.060482502	-0.780328274	0.70168668	1.227485418	-0.073430359
1	3.386044264	0.201110199	1.575102091	1.623695016	-0.143553466
0	0.255840391	-1.181683302	0.563020825	2.09533	-0.196906924
1	1.703639269	0.324359	2.218132019	1.912538767	0.641672492
0	0.362104177	-0.999489546	1.078245997	1.582513571	-0.608567238
1	2.531538963	0.112614721	1.611616135	2.933046103	0.653932393
0	0.670817375	-1.198408604	0.599277973	1.571054697	-0.306669652
1	2.605270863	-0.72876972	2.237766743	2.177998066	-1.909221292
0	0.553615332	-0.974980533	1.075728655	2.060977221	-0.546449482
1	0.525591493	-1.010968685	2.711290836	1.937720656	-0.692633033
0	0.375937968	-1.16359663	1.742762566	1.507837415	-0.381496817
1	1.703972697	-0.311891913	2.636086226	2.464023829	-0.927564263
0	1.427289605	-1.291717649	1.698039651	0.778165758	-1.865311265
1	3.526041269	0.401687354	2.991826057	2.14910984	0.279674649
0	1.092010021	-1.523614407	1.392559052	0.875337183	-1.398449183
1	2.860554934	-0.249249741	1.228484869	2.492139101	0.48649925
0	1.210931063	-1.566972375	1.676617026	0.756716609	-0.670595288
1	1.615009069	-0.915704429	2.987652063	0.435932428	-0.850342572
0	0.831528783	-1.728435636	0.764881253	0.57825309	-1.099287748
1	0.808137655	-0.193814844	2.032993078	1.066538572	-0.473331243
0	3.383014679	-0.965344787	2.709696054	1.403819799	-0.911142826
1	1.148680568	-1.552058578	1.091796279	0.882573545	0.467070103
0	0.349651396	-1.406600118	0.79627341	1.233970404	-0.459319234
1	1.183021069	-0.596760392	2.286756039	1.692950726	-0.657365799
0	0.913464665	-1.080787659	0.800989687	0.649670005	-0.702727318
1	2.183815718	-0.828534126	0.657417774	1.654528618	0.015905201
0	0.020454586	-1.618784666	1.433055639	0.306916982	-0.850187838
1	2.425533056	-0.555255771	2.764170408	2.383737326	-0.757731318
0	0.404635727	-1.391888022	1.047819257	0.634707868	-0.416146517
1	3.238819122	-0.98980248	2.740317822	1.562548518	0.720377564
0	0.596450686	-1.240313768	0.756555676	0.647278309	-0.525528908
1	2.345089436	-0.219236866	2.453460932	1.265248299	0.23801516
0	1.222113252	-1.2199862	1.760204673	0.83956188	0.006887525
1	4.214796066	0.089505017	2.754211903	2.135494709	0.071854293
0	2.081470966	-1.095382214	1.322155952	0.949263811	-0.381097257
1	3.575591564	-0.648017287	2.664321423	2.112901926	0.047816217
0	0.827051878	-1.148260593	0.753478944	0.522354245	-0.579099894
1	1.851563454	-0.248973578	2.843365669	0.953286886	0.255785048
0	0.958620846	-1.216325521	1.284683943	1.311857462	0.035821915
1	2.275884867	-0.798868299	2.337201118	1.072314262	0.827616036
0	1.096270323	-0.936051667	1.031343937	2.142601252	-0.269917548
1	3.892362118	0.011495247	2.041516304	2.925956726	1.231509447
0	0.66558516	-1.458953261	2.383391142	0.680811167	-1.262601733
1	1.078791142	-1.023068547	1.106447458	1.845476031	-0.129849285
0	0.669125915	-1.588405848	1.458983779	0.51830703	-1.700572252
1	2.246473551	-0.457129955	2.957224607	1.243246198	0.618084431
0	0.542878628	-1.621114492	2.672810316	0.765574694	-1.849845648
1	0.556940556	-0.57666105	0.176280022	0.888587117	1.652362823
0	0.91090858	-1.044756413	0.383260876	1.192248344	-0.81287086
1	2.872344255	-0.199457571	1.40224421	2.303920984	0.28597188
0	0.464064956	-0.941791713	1.658374429	0.361491621	-1.384019136
1	2.430749178	-0.258537233	1.309611797	1.146310568	-0.27912873
0	2.071011305	-0.794054389	2.057226658	1.054425716	-0.88036406
1	1.117232442	-0.879418015	1.672753215	0.438850045	-1.115906835
0	3.812979698	1.022490859	2.671669722	1.391901851	-0.032871559
1	0.775024116	-1.078338623	1.823068261	0.761363387	-0.418829113
0	0.807777405	-1.127932787	1.244526148	0.376094997	-1.437276363
1	3.105444193	-0.017763749	1.955693841	1.54122889	0.115111567
0	0.275676817	-1.56318295	0.751932681	0.606458664	-0.612037301
1	4.272132397	-0.182318062	1.255360246	1.686009645	1.014147282
0	0.74166733	-1.371946335	1.044758677	0.643877387	-1.085953474
1	0.906170428	-0.372172773	2.41865015	1.106423855	-0.023426369
0	0.706294358	-1.553243399	1.250914335	1.306003094	-0.343689799
1	1.604479074	-0.601262867	2.42244029	1.189749241	-0.645528734
0	2.067932367	-0.162749022	2.459174633	1.613578796	0.695374548
1	1.080698133	-1.438147426	1.526237369	0.901456535	-0.068582386
0	2.549305439	-0.513611257	2.93739748	0.986233413	0.381996989
1	1.741179705	-0.646171093	1.435743451	0.75991112	-0.228562355
0	0.87869817	-0.971619844	1.156547189	0.367751896	-1.682376981
1	0.966028631	-0.482349873	1.528433561	0.886242032	-1.287584305
0	1.131399632	-1.166898727	1.597016811	0.704439759	-2.030416965
1	2.417272568	-0.181952745	2.22289896	1.608142495	-2.04630065
0	3.045737028	-1.456386328	3.441729307	0.724501133	-1.963550448
1	1.833888054	-1.445010185	1.947635174	1.241130352	-1.567206621
0	0.254046321	-1.179616928	2.056297779	0.739487946	-2.235583782
1	3.015618801	-0.225886136	2.206251383	2.526862383	-1.329257607
0	0.677831292	-1.397253513	1.897914171	0.918121517	-2.279320478
1	3.551721811	-0.780761361	1.973034978	0.903479457	-2.168126583
