label	ITGB6	GALNT3	BRI3BP	MCM5	DTX3L
0	0.313256174	0.370745689	-0.235621095	-1.474954844	0.462467074
1	2.309001684	2.123975754	0.015274372	0.302719653	1.666729689
0	0.471060693	0.923698843	-0.195445418	-1.102025747	0.565215349
1	0.004713334	2.03708148	0.543339968	-0.614257813	1.724406958
0	0.41974619	0.677503586	-0.371394038	-1.29430306	0.360195488
1	0.776700377	1.342601061	0.464950114	-0.168607533	1.498321772
0	0.371273726	0.680236936	-0.481837153	-1.299015999	0.811957717
1	2.267266512	2.740335703	0.489353508	-0.508117437	2.081010818
0	0.536282778	1.063242674	-0.37647	-1.068718553	1.010343552
1	0.630331159	1.895680189	0.462444127	0.084857643	1.724770784
0	1.026159883	0.619907081	-1.430465937	-0.578517139	0.524522603
1	4.458573341	2.031590223	0.17353934	0.294613302	2.692616463
0	0.912743092	0.595815897	-1.372219801	-0.431583166	1.105986357
1	1.194307089	0.925543606	-0.143261611	-0.37244457	1.751673341
0	1.289145947	0.480927855	-0.627830207	-0.562096894	0.713970184
1	2.534357786	1.427618861	0.440558553	0.068842009	1.765798688
0	1.387251973	0.849915564	-0.820967793	-0.546379447	1.036262989
1	2.190149307	1.889098525	0.519503534	0.328876942	1.789129496
0	1.642127275	0.86277312	-0.827096879	-0.485118687	0.891756833
1	4.864751339	1.411408424	-0.122925863	-0.21812658	0.845739424
0	-0.598425508	1.632374406	-0.504627228	-1.233136535	0.677837253
1	1.640172243	2.354735374	0.320651621	0.12728703	1.789987445
0	-0.270446539	1.166478992	-0.783097446	-1.206076384	0.869705677
1	0.742696524	3.07014966	1.339546084	0.254188001	1.840376973
0	-0.46422419	0.377648711	-0.65904057	-1.308116674	0.525262713
1	2.000328064	1.343900681	-0.523910403	0.175902262	2.064773321
0	-0.409324229	0.254026175	-0.703101695	-1.275574923	0.940486729
1	2.44214797	1.058960795	0.467015892	-0.389627576	1.769390821
0	-0.393788815	0.234924555	-0.683115363	-1.298243165	0.574569643
1	1.502621889	1.903020144	0.741181135	0.060184389	1.430922508
0	1.05906558	0.135807872	-0.61601305	-1.15044117	1.096585274
1	3.308627129	1.893200874	1.536605835	0.106463924	2.102397919
0	1.243191957	0.583588183	-0.510350049	-1.161240816	1.359298706
1	3.956021786	1.502245307	0.328060389	0.367860645	2.243407249
0	0.760169625	0.530915737	-0.92298162	-1.6181885	0.97987479
1	2.623964787	1.103942871	0.155942455	-0.617724955	2.02685833
0	0.905714512	0.322266698	-0.455829978	-1.243870854	1.349777818
1	2.079640388	1.445514083	0.658993959	0.547472477	2.448174
0	1.018586397	0.01579994	-0.737073898	-1.497206926	0.690112114
1	0.006626505	2.269436836	0.262508541	-1.752451539	1.295906901
0	0.787583053	-0.379068851	-0.667892575	-1.16179955	0.243237793
1	2.265797853	1.035376191	0.073557049	-0.219762146	2.006075859
0	1.306454539	0.0161587	-0.515180171	-1.035991907	0.495112091
1	3.966039419	1.614144444	0.613389671	0.1228652	2.327829838
0	1.231639981	-0.232197106	-0.641736686	-1.161910295	0.420841098
1	4.369801521	1.404757142	0.678164124	0.198854282	0.929441392
0	1.470744848	0.618354321	-0.364675879	-0.224870086	1.444922924
1	1.449676514	-0.010747256	0.278053701	-0.285055876	1.022480965
0	1.115424991	0.370483756	-0.624852896	-0.965094686	0.531666219
1	4.003685474	1.035995126	0.837502062	-0.571128905	1.263315082
0	0.442005247	0.401942194	-1.89505434	-0.966122687	0.644233465
1	2.658004761	1.082657576	0.259681135	0.21603407	2.253533363
0	0.413988054	0.623245955	-1.278110504	-0.851183414	1.107959986
1	0.514256477	1.336273313	0.134613633	-1.670086384	1.59279716
0	0.228860319	0.452313751	-1.328728437	-1.045222282	0.807080448
1	0.996250749	3.597538471	2.063899279	0.291041434	0.788036942
0	0.489236683	0.486900002	-1.477745056	-0.903721154	1.020098329
1	2.874352455	0.696260035	-0.070045412	0.162666738	2.497994661
0	0.220656335	0.393262863	-0.488236964	-0.819533885	1.258968353
1	1.354855537	1.029180527	0.333823889	0.32157132	1.926936984
0	0.838611662	0.691247821	-0.739682794	-1.192272186	0.865483284
1	3.77302289	1.929472208	0.555720091	-0.054268152	2.007889986
0	1.468236208	0.949982166	-0.254310191	-1.028423429	0.607928336
1	1.919324398	2.04309845	0.048163846	-0.071812272	2.369068623
0	1.166551948	0.774466038	-0.643934369	-0.957961798	0.761635005
1	3.39774704	1.703666568	0.041265011	0.434472859	2.0050807
0	1.349768162	0.709147513	-0.625897288	-1.030931115	1.088836193
1	2.259754419	2.013532877	0.896395206	0.492331386	1.033014774
0	1.165034175	0.69171679	-0.479235411	-0.951472461	1.011683583
1	1.826550722	1.041061401	0.670699954	-0.322245926	1.99517858
0	0.550406277	0.120822519	-1.124706507	-1.104589462	0.994589329
1	2.64827013	1.562080145	-0.333406568	0.384366572	2.750948191
0	0.425424099	0.794033349	-0.546346009	-0.86457032	1.128836155
1	1.456557035	1.513688326	0.111704186	0.068299383	1.752875805
0	1.117899656	0.298930764	-0.31455797	-1.004680395	1.052886844
1	0.901436567	0.896343172	-0.307829887	-0.615583062	2.139770508
0	0.39431572	0.403721511	-1.248203754	-1.009542942	1.0194484
1	3.258471966	2.329041004	0.202564657	-0.379372656	1.647342205
0	1.163851142	0.351153582	-0.675063133	-0.678247929	0.970827401
1	1.605615973	1.647360444	0.159327924	0.041400701	1.243751287
0	0.404645741	0.106791019	-1.347399235	-0.824000955	0.719313443
1	2.884025097	1.720748186	0.003176183	-0.684222519	1.441012859
0	1.543716669	0.123143733	-0.686023355	-0.7580446	0.798441291
1	4.050125122	0.870361328	0.243854493	0.105151713	1.89188087
0	1.513222456	0.178090692	-1.118381143	-0.669241428	0.924096465
1	-0.476065427	0.551485062	1.162872076	1.08080399	1.071068287
0	0.24687469	0.824594855	-0.627748013	-0.447978258	0.741014957
1	4.235836506	1.774377823	0.143886566	-0.012379348	2.2013762
0	0.663375974	0.224154234	-0.606754124	-1.003330469	0.799387991
1	2.596264362	1.481740832	0.591888547	0.311382085	2.4840734
0	0.756125033	0.301624417	-0.279788315	-0.893850684	1.190841079
1	0.604905605	1.628876567	0.192043066	0.102852866	1.297130346
0	0.902813017	0.42263335	-0.686675787	-0.821320295	0.622529745
1	2.059459448	0.632265151	0.346166134	-0.150980547	1.55861485
0	1.046852589	0.41100052	-0.477880985	-0.901578069	1.140183568
1	2.081189632	1.164485574	0.560275912	0.335932404	2.663720846
0	0.729047418	0.409003586	-0.868244648	-0.96122241	0.755310357
1	2.989871979	0.646107197	0.320559263	0.08719983	2.058451653
0	0.722022176	0.735428452	-0.856094956	-1.194998145	0.550486207
1	2.135453701	2.611057043	1.070457935	-0.199649751	1.766270161
0	0.312527716	0.391064644	-0.491808951	-1.030632019	0.524331927
1	1.011352301	0.767833471	0.280792445	-0.242812872	1.311587811
0	0.794669688	0.833927453	-1.06663847	-1.126451731	0.564464033
1	2.54434824	1.601798534	0.8086887	-0.068397656	1.878193259
0	0.083443046	0.652041197	-0.523564637	-1.385340214	0.499888062
1	1.311779022	1.215920925	0.200834155	0.260713398	1.327672839
0	0.49407956	0.894271433	-0.724332929	-1.098816752	0.597671628
1	1.766404152	1.534335256	0.116807885	0.158885777	0.944262207
0	0.827760339	-0.155089974	-0.889006019	-1.027793407	0.919185817
1	1.914542794	1.691934824	0.700158715	0.040747136	2.144188404
0	0.972652078	1.196341634	-1.067811489	-1.045639753	0.849394202
1	1.051414132	1.380659342	0.331717163	0.186892182	2.193442583
0	0.785899639	0.586000562	-0.593879938	-1.19619298	0.417544425
1	2.798596621	1.875730276	0.424590737	0.549188852	1.905841351
0	0.835159838	1.492727757	-1.051281452	-1.197061777	0.792238474
1	1.707752347	0.889712393	0.14515987	-0.017831199	1.633181214
0	1.14216876	0.112369865	-0.800746799	-0.949566722	0.812824488
1	0.427254647	0.726653278	0.546689332	-0.415025651	1.233536005
0	-0.203326046	0.33465457	-0.819830418	-1.084389925	1.093626857
1	0.934205055	1.123442054	0.320199966	-0.269546568	1.912598252
0	0.025704056	0.365649551	-0.450249165	-1.050444365	1.307223439
1	1.373470068	0.98529166	0.521483004	-0.570516944	1.60543859
0	-0.017058194	0.390535682	-0.593669534	-1.179917336	1.271166325
1	2.380794048	1.255573034	0.446386546	-0.454892248	2.151527882
0	-0.205191255	0.496008158	-0.478453994	-1.188933372	1.176956773
1	2.095681906	2.422297001	0.895461679	-0.315211505	1.916408062
0	0.042051226	0.586984515	-0.471106738	-0.998890638	1.414265513
1	1.382383585	0.651133776	0.46856004	-0.189400956	1.964579344
0	1.644516945	-0.129483461	0.228787601	-0.557008386	0.654044807
1	1.293293357	1.133715391	0.749332845	-0.065025076	1.464358807
0	0.735213757	-0.543864012	-0.371643752	-0.913669586	0.631161273
1	0.87559998	1.19293201	0.131255239	-0.125571743	1.931423903
0	1.389722109	-0.363072634	-0.481429696	-0.72360301	0.449073493
1	1.757023573	0.509698033	0.65558368	0.311365366	1.448917508
0	0.755096078	-0.383395791	0.197955489	-0.877596259	1.142197371
1	2.222708225	0.394512296	0.509539425	0.181030601	1.415262341
0	1.511705756	-0.20593524	-0.194386005	-0.716657996	0.602406383
1	0.876603842	0.882348061	0.794070005	-0.430785805	1.413268805
0	1.312304497	1.42109561	-0.225421369	-1.008647084	-0.198726892
1	3.22437501	2.210706234	0.459474206	0.432320595	1.478561997
0	1.522442102	1.222111702	-0.025903463	-0.713112712	-0.349116683
1	3.51038456	2.018585443	0.441347659	-0.166651249	0.146727502
0	1.31445694	1.317853689	-0.230893224	-0.921367526	-0.247123569
1	3.668326855	1.975747943	0.409475416	-0.317910612	-0.056257352
0	1.438143969	1.531617522	-0.237925768	-0.890935421	-0.120487809
1	3.162819862	2.347416162	0.524303436	0.156494275	1.113045573
0	2.060482502	1.446422219	-0.038340092	-0.706419587	0.340676308
1	3.386044264	1.69483161	0.422785997	0.209594876	1.178099871
0	0.255840391	0.402458787	-0.70724535	-0.995586395	0.881573677
1	1.703639269	2.201894999	0.066848576	-0.111548603	2.090822458
0	0.362104177	1.631441236	-0.117213488	-1.07403779	0.859544039
1	2.531538963	2.034465313	0.942379892	-0.001134485	2.887983084
0	0.670817375	0.672587693	-0.730846107	-1.178159952	1.192649722
1	2.605270863	1.857221484	0.650449395	-0.140429392	1.656651139
0	0.553615332	0.690769196	-0.530681789	-1.093622208	1.02484858
1	0.525591493	1.892415762	0.241122365	-0.484492213	1.453149199
0	0.375937968	0.034336179	-0.490155607	-1.111984849	1.472124457
1	1.703972697	2.265035391	0.764425576	-0.220030338	2.120051384
0	1.427289605	0.527900934	-0.93426621	-0.798782587	0.990023077
1	3.526041269	2.090191364	0.720657647	0.460191607	1.968382478
0	1.092010021	0.729927361	-1.28927803	-0.884507656	0.795610428
1	2.860554934	2.258816719	0.642317295	-0.107306674	2.061696291
0	1.210931063	0.790523827	-0.618857026	-1.034106016	0.774441123
1	1.615009069	1.131509781	-0.139464378	-0.685423672	1.020363569
0	0.831528783	0.733782053	-1.020600677	-1.092200518	0.686551213
1	0.808137655	1.717476845	0.024177231	-0.082864985	1.877280951
0	3.383014679	1.029591441	-0.090512887	-0.475275874	1.406782508
1	1.148680568	0.375193417	-0.413034916	-0.749809504	0.698543668
0	0.349651396	0.790035665	-0.433271646	-1.301727772	0.752598822
1	1.183021069	0.41829282	-0.664151788	-0.729785681	1.447991371
0	0.913464665	0.199769974	-0.263789415	-1.164383173	0.698741913
1	2.183815718	0.674947739	0.155947506	-0.929277539	1.223280311
0	0.020454586	0.771936595	-0.812644422	-1.416589499	0.451995105
1	2.425533056	1.161413431	0.239010438	-0.552838087	1.699391127
0	0.404635727	-0.072267175	-0.453660369	-1.186665893	0.575400651
1	3.238819122	2.457575083	0.376603484	-0.907528043	0.871050417
0	0.596450686	0.182649672	-0.453405738	-1.209233761	0.468422353
1	2.345089436	1.301730156	0.306911409	-0.560117781	2.049782753
0	1.222113252	0.345504731	-0.235984653	-1.412566662	0.441471875
1	4.214796066	1.034073353	0.581771314	-0.13117224	1.486831784
0	2.081470966	0.6378631	0.064450979	-1.342335701	0.974503636
1	3.575591564	0.174084276	0.5042665	-0.592792928	1.391599059
0	0.827051878	0.239407867	-0.250832886	-1.300690055	0.617291391
1	1.851563454	0.923407435	0.093150392	-0.317087084	1.039503694
0	0.958620846	0.228082597	-0.220686853	-1.355481863	0.792473614
1	2.275884867	0.513775945	-0.09446454	-0.932935476	1.172972918
0	1.096270323	-0.434524596	-0.855429947	-1.257159472	0.843210638
1	3.892362118	1.569411755	-0.194175318	0.232886404	1.315937638
0	0.66558516	-0.479119092	-1.510790467	-1.590957999	0.18118462
1	1.078791142	0.833619893	-0.074658446	-0.966740668	1.299019217
0	0.669125915	-0.589185536	-1.23631382	-1.591658831	0.160563439
1	2.246473551	0.277859122	-0.005031899	-0.457252324	1.364205718
0	0.542878628	-0.550765991	-1.054347038	-1.592305183	0.368989646
1	0.556940556	0.894950986	-0.472665548	-0.805387199	1.439448833
0	0.91090858	0.334798396	-0.901814818	-1.130912662	0.449795425
1	2.872344255	1.139262319	0.470661402	-0.04136996	1.078854561
0	0.464064956	0.359128952	-1.127161741	-1.033673525	0.366375804
1	2.430749178	1.070204258	-0.34305197	-0.459632695	1.308103323
0	2.071011305	1.321160793	-0.241072237	-0.970198989	1.162038088
1	1.117232442	0.345376134	-0.852166653	-1.044886231	0.560323119
0	3.812979698	1.753051996	-0.227976784	0.691809714	2.705968857
1	0.775024116	0.554796696	-0.340253741	-1.111733079	0.780552268
0	0.807777405	0.408695877	-0.714096904	-1.051758051	0.685898304
1	3.105444193	1.898141026	0.744313598	-0.249848783	1.872141004
0	0.275676817	0.534809351	-1.238690138	-1.116838336	0.488274395
1	4.272132397	2.703753948	1.035694242	0.209917992	2.714698792
0	0.74166733	1.685458422	-1.094727039	-1.118085146	0.711469889
1	0.906170428	1.776729822	0.308688223	-0.327519387	1.157894731
0	0.706294358	0.400947243	-0.92790103	-1.229060411	0.866197705
1	1.604479074	1.261008739	-0.125324011	-0.450943887	1.064446807
0	2.067932367	1.406388521	0.492752165	0.022092447	1.892150402
1	1.080698133	0.736194491	-0.48759833	-1.082834005	0.805199027
0	2.549305439	1.756385446	-0.393042475	-0.19453454	1.715685248
1	1.741179705	1.569374084	-0.23233968	-0.512473702	1.055356264
0	0.87869817	-0.763870716	-0.325838447	-0.774726272	0.871423066
1	0.966028631	-0.104675323	-0.483926952	-0.44236052	1.703723669
0	1.131399632	-0.645640731	-0.857726812	-0.750676394	0.920821905
1	2.417272568	0.00653813	0.053879671	-0.165222391	1.941027761
0	3.045737028	-0.237170517	-0.615139902	-1.097922087	1.460994482
1	1.833888054	-0.676470935	-0.206712782	-1.149541616	1.827813148
0	0.254046321	-0.991062045	-1.422973633	-1.201241255	1.136333227
1	3.015618801	-0.280761421	-0.110768385	-0.068712085	1.534964204
0	0.677831292	-0.534528255	-0.943582475	-1.017713308	1.383582354
1	3.551721811	0.045483604	1.117907286	-0.625816524	1.763022184
