label	COCH	COX7A2	S100A10	PPA1	D2HGDH
0	-0.377392501	1.064143419	0.240585387	0.033961773	0.670638442
1	-3.299834758	0.140273824	-0.542335376	1.046199478	0.483147025
0	0.320289314	1.203898191	0.971143901	0.646148682	0.790184617
1	-1.837113962	0.574707806	0.678054214	0.972061843	1.052922726
1	-2.092483155	0.489705592	-1.277561456	0.341167629	0.746376276
0	-2.021131575	0.717174649	-0.918403625	0.93950969	-0.821506761
1	-1.423232526	0.982387364	-0.301330239	0.761550248	-0.91663456
1	-2.646383703	1.12662375	-1.177572668	1.41261372	-0.985532671
1	-2.209799601	1.678357512	-0.574301496	0.730918504	-0.638472106
0	0.103929967	1.225555062	0.626640737	0.221476138	-0.259493813
1	0.079418778	0.570912898	-0.746708758	0.495889217	-0.845324896
1	-0.301436424	1.514312208	0.367921948	0.295999661	-1.441438735
0	-0.135377645	-0.079742223	-0.10363701	0.152781844	-0.909559838
0	0.188653827	0.352976263	-0.182770133	0.818142518	-0.627604157
0	1.063715696	0.770620644	0.143287778	0.934685022	-0.005797088
0	-1.315743275	1.430617183	0.080200195	0.688162565	0.342556953
0	-0.778576627	-0.024852544	0.185368776	0.196649641	0.550142407
0	-4.069496959	0.518352836	0.179347992	0.5431858	1.060836911
0	-0.496119931	1.077086911	0.738490582	0.645564184	0.040180922
0	-1.102039929	2.000281811	0.13855052	2.08225894	0.898624897
0	-0.402108997	1.691117287	-0.206435859	0.961650252	-0.326272011
1	-1.812837392	1.59035784	-0.857323401	1.21340394	-0.519228868
0	-1.815848112	0.681522071	-0.803264648	0.553228416	0.138525844
0	-2.505142525	0.394634739	-0.43605417	-0.196652442	-0.287745267
1	-2.420168102	1.485942394	-1.45154389	1.034381002	-0.698288709
0	-1.33782351	0.725729406	-0.298965991	1.399009436	0.65346992
1	-1.101087503	-0.133809447	-2.400378227	1.270796537	0.469304919
1	1.336614847	0.911860406	-1.336602032	0.403384149	0.483172894
0	-0.810573369	0.41312027	-0.403156355	0.85661298	0.873266935
0	-1.025575817	0.753867656	-0.79808253	0.536321931	0.595792055
1	-3.007346749	0.15378812	-0.231654882	1.529310942	-0.127703786
0	-1.11701566	0.343153059	-0.968713708	0.311127201	-0.506371111
1	-1.124606431	0.088569179	-1.015028715	0.418968514	-0.414874226
0	-1.642238379	-0.468933851	-0.459541321	0.184295326	-1.007155508
0	-1.314809546	0.324929222	-0.118819058	0.692003697	-0.446283162
0	-1.519698203	0.731320828	-0.890280873	1.182719171	-0.189152956
1	-0.527267784	0.17466259	-1.059778035	0.361616075	1.042274475
1	-0.438296348	1.361119688	-1.14782244	0.936175197	0.124794006
0	-0.372250497	0.68060635	-0.763810337	1.007841572	1.751606345
0	-1.051563233	2.030904382	0.359596968	1.187111244	0.706748486
0	-2.079426616	1.035354406	-0.667898536	0.821413219	0.096333802
1	-2.813378543	1.167558074	-0.747656822	1.144577622	-0.321229309
1	-2.437362634	1.018635511	-1.555491507	0.934135169	-0.438909598
1	-3.062958777	1.772413492	0.398514181	2.429646313	0.111064285
0	0.072316885	0.468955079	-1.061494589	1.034830809	0.266180515
0	0.298911333	-0.506935596	0.561915874	0.284507424	0.997388124
0	-0.199032903	0.64694719	-0.561206937	0.836170271	0.810244918
0	1.061626673	-0.824664801	-0.174780965	0.633202717	-0.391489267
0	-0.996942639	0.605843812	-1.123174131	0.770425171	0.529962659
1	-3.213578194	0.798381418	-0.304453552	1.219668031	-0.597386926
0	-2.634418786	0.350614548	-0.20819205	0.280840486	-0.39004451
0	-1.244159281	0.554133415	-1.173452903	0.570950851	-1.21186316
1	-2.308449533	0.338655114	-1.467741638	0.569525659	-0.303272933
1	-2.098777711	-0.056694299	-0.175269485	0.17346096	-1.918133378
0	0.474635601	0.958509445	0.377359867	0.833017543	-1.08292973
0	-0.056731939	0.903779775	0.089190722	0.511646375	-1.07052356
0	0.146620035	0.865892231	0.331055641	0.437149242	-0.914276026
0	-0.189118862	0.938598275	-0.173195481	0.966371477	-0.418458842
0	0.022500277	1.198893994	0.019129515	0.998570979	-0.555135638
1	-0.276322722	0.632154554	-1.049461663	0.401596472	0.383275986
0	1.42095089	1.629342437	-0.117611885	0.738901481	0.219021559
0	1.137621522	0.79636395	-0.422221661	0.794275209	0.753888369
0	0.15420866	-0.032137305	-0.007258177	0.208971143	0.506525278
0	0.380880833	1.541394919	-0.905459762	1.331124783	0.810880065
0	-0.223878741	0.536247313	-0.496706486	1.434735432	0.300192833
0	-0.777114987	0.245902061	-0.945566058	0.851268306	0.841011524
0	0.980445981	1.00889039	-0.486577272	1.996221691	0.877445102
0	0.646874428	0.642850995	-0.106749475	0.653781652	1.139395118
1	-0.231921911	0.832344711	-1.323709399	0.755980641	-0.609531522
1	-2.697740316	0.72514087	0.681153178	0.703800529	-2.516669273
0	-2.255413651	0.510464847	0.356632829	0.65793401	-0.818537474
0	-1.570568323	0.181732655	0.082287788	0.329035148	-0.16572392
0	-2.445013463	0.105150312	0.44308424	-0.144357026	-1.02003336
0	-2.170970321	0.924101889	0.418087721	0.357758015	-0.437054932
0	-2.292427242	-0.36187613	-0.616763353	0.572247744	-0.6253438
1	-1.574799716	1.030567884	-0.296395421	0.399645805	0.237494469
1	-3.353770286	0.808307737	-2.769459531	0.46582216	-0.397524595
0	-2.19869937	0.711964488	-0.127536654	-0.107620835	-0.876304626
0	-0.8926842	0.506106824	-0.187419653	0.993196234	-0.089058757
1	-1.574400589	2.266044736	-0.655665815	1.108455345	-0.702216446
0	-1.510677025	1.424089551	-0.621941328	0.746685818	-1.110622287
0	-0.913452864	-0.067062825	-0.497916132	0.41943264	-0.269040108
0	-0.637069196	-0.223765127	-0.52492705	0.279399395	-0.239516675
0	-0.237449288	1.254824936	-0.450058162	0.4493898	-0.150132835
0	-0.041457295	-0.031673819	-0.495492518	0.32414633	-0.436739385
0	-2.298992962	0.946883857	-0.119121939	1.327963799	-1.2654275
1	-0.066295922	0.468803734	-0.518407255	1.425809965	-0.60043551
0	-1.218799233	0.853705049	-1.066490591	-0.658561349	-0.598555803
0	-2.330205262	0.194318354	-0.731140316	0.513372183	-0.116151094
0	-1.399062037	0.22570616	0.623564839	0.640039802	-0.812639058
0	-0.941382632	0.449351072	-0.673044205	0.607444435	-0.634767234
0	-1.164921552	0.067495599	-1.162367702	-0.5411053	-0.799595058
0	-2.098334908	0.111387342	-0.865923464	0.281524181	-0.320994616
1	-4.215618342	0.676893651	-0.596379876	0.873230755	-0.515946925
0	-0.258844703	0.491607845	-0.282655597	0.760420002	-0.377864785
0	-0.480220795	0.103524327	0.692835033	0.233118713	-0.20341301
0	0.03503406	0.378314614	-0.882410824	1.271010876	0.739652693
1	-1.933754623	0.541901588	-0.192932487	0.092719525	-0.984612584
0	-0.384050131	0.5332762	-0.796499372	0.363110304	0.97447598
0	-2.584205389	0.636892021	-0.848072052	0.351304114	0.126222849
0	-2.874459296	-0.138185024	0.285920799	0.880503535	0.839030981
0	-0.722140819	-0.105879486	-1.038835645	0.862617075	0.693107009
0	-0.300607622	0.555295408	-0.992495358	0.660034545	-0.582051575
0	-0.146653175	-0.055575222	-0.602379203	0.362401932	-0.038804293
0	0.069245756	-0.098145872	-0.35596019	0.473882318	-0.197756827
0	-1.512312055	0.594431192	0.042853534	0.236540556	-0.179655313
1	-2.122021034	0.33885479	-0.532581687	0.144133329	-0.697047263
1	-2.523508728	0.381153643	0.256161988	0.447205544	-0.738080189
0	-1.515085369	1.737657398	-0.781600565	0.283746541	-0.505195089
0	-0.414154738	0.492717862	0.953377545	0.832322955	-0.336501107
0	-1.013224944	3.868392944	-0.365092114	1.159264207	-0.195324939
0	-0.604395092	2.337642908	0.96465677	0.047599554	-0.156940937
