label	SPINT1	COCH	CTSB	ERP29	POLE2
0	0.959338725	-0.377392501	0.586267829	-0.011663035	1.216411516
1	0.846619844	-3.299834758	0.665315866	0.562848985	0.008391261
0	0.862244129	0.320289314	1.166432619	1.177156806	0.144648314
1	0.988760114	-1.837113962	0.599416137	0.316077828	0.490339279
1	0.159970403	-2.092483155	0.179721355	0.433914304	1.505211323
0	0.194375396	-2.021131575	0.44084084	0.164849147	1.141126096
1	0.498855352	-1.423232526	1.392491996	0.845861793	0.736656487
1	1.043384671	-2.646383703	1.260029912	1.420479476	0.406889439
1	0.891966224	-2.209799601	1.095030308	0.284511209	0.821283847
0	0.73657155	0.103929967	0.751610875	0.642401636	-0.717888772
1	0.136729956	0.079418778	-0.574077129	0.242342353	1.126782894
1	1.077299356	-0.301436424	-0.113100886	1.015482366	1.251064301
0	0.803554654	-0.135377645	0.72121942	0.297640681	0.243443131
0	0.649518251	0.188653827	1.137675047	1.32856369	-0.025785685
0	1.734424353	1.063715696	0.756893039	1.409750372	0.791373253
0	1.682649076	-1.315743275	1.340786457	1.044721574	1.649984032
0	0.57465595	-0.778576627	0.028844237	-0.173879057	0.980212748
0	0.763596117	-4.069496959	0.327360511	0.403684467	0.898459196
0	1.554220557	-0.496119931	-0.320361257	0.178943276	1.403152939
0	1.119998574	-1.102039929	0.772731364	1.113457561	-0.252763987
0	0.937916994	-0.402108997	1.458756208	0.406083047	0.812064409
1	0.727148175	-1.812837392	0.873806059	0.661857784	0.756921828
0	1.464301109	-1.815848112	1.210002244	0.102633268	1.372884393
0	-0.357256174	-2.505142525	0.219391465	0.080687612	0.527160645
1	1.32166338	-2.420168102	0.775561929	0.808399469	1.417479515
0	1.052151203	-1.33782351	1.586996615	1.1193313	0.386725187
1	0.416936636	-1.101087503	0.185268879	1.192892909	0.558619976
1	0.50948	1.336614847	-0.620105267	1.118193507	-0.021882772
0	1.259413004	-0.810573369	1.18433708	0.160282776	1.055566072
0	1.086316586	-1.025575817	1.291844428	0.754995942	0.397732735
1	0.453131676	-3.007346749	0.313465118	0.911797404	0.728427768
0	-0.111674309	-1.11701566	0.237071037	0.373372495	0.477117181
1	0.60459125	-1.124606431	0.237659097	0.520958364	0.929795384
0	1.521371722	-1.642238379	0.724123061	1.134415835	1.101150542
0	0.529736161	-1.314809546	1.180734754	0.618786529	1.620326564
0	1.285675764	-1.519698203	0.98962009	1.094126374	1.688733801
1	1.440630913	-0.527267784	0.566045165	0.8699857	1.044963032
1	-0.334305882	-0.438296348	1.062520862	0.696902215	-0.024156094
0	0.71868968	-0.372250497	1.417649627	0.705744386	1.229609966
0	0.619355798	-1.051563233	1.164647937	0.714273781	1.282010227
0	0.564126849	-2.079426616	0.97226119	1.189085722	0.237731338
1	0.587296605	-2.813378543	1.438772202	1.231059074	0.613932133
1	0.462458491	-2.437362634	0.155924559	1.117972076	0.635115743
1	0.584246814	-3.062958777	0.931153595	1.432342887	1.583552957
0	1.693497598	0.072316885	0.339059114	0.494498551	1.496612251
0	0.97223115	0.298911333	1.305096686	0.090532005	0.732439399
0	0.667147636	-0.199032903	0.895640135	0.009529531	1.179280162
0	0.640848875	1.061626673	0.51534766	0.42138654	2.175856829
0	0.645522237	-0.996942639	1.302226782	0.418016434	0.533292413
1	0.536859751	-3.213578194	1.399218321	1.461245686	2.366685599
0	0.179179549	-2.634418786	1.497045755	0.419412404	0.57348156
0	1.590186834	-1.244159281	0.741504669	0.527456164	0.189133525
1	0.758452415	-2.308449533	0.885795355	0.158967167	0.752358556
1	0.139630079	-2.098777711	1.585023522	0.301230282	2.186918497
0	2.121824861	0.474635601	0.574294388	0.086407691	1.039335132
0	1.588409424	-0.056731939	1.624642611	0.672496051	1.385040283
0	1.451609135	0.146620035	1.084415913	0.287555873	2.018375844
0	-0.034706831	-0.189118862	0.52578938	0.695768774	1.207667828
0	2.139394164	0.022500277	1.343511581	0.650199324	0.514966965
1	-0.155793548	-0.276322722	0.801556349	1.022121131	1.949221551
0	0.712379217	1.42095089	1.531367809	0.393862516	1.536146879
0	0.853554249	1.137621522	1.016784489	0.38914597	1.416142941
0	1.388113499	0.15420866	-0.020319819	-0.299453169	2.62408933
0	0.111032844	0.380880833	2.752942085	0.927440494	2.02075696
0	0.319952607	-0.223878741	1.044687748	0.320758596	1.219624817
0	0.515733182	-0.777114987	0.780308723	0.289944127	0.479202151
0	0.966391563	0.980445981	0.618984282	0.381172597	1.897921085
0	0.030080855	0.646874428	0.142296791	-0.31387933	1.940203279
1	-0.018608689	-0.231921911	1.567220807	0.986159205	1.639191985
1	-0.055703759	-2.697740316	0.585795164	0.426742554	0.67738533
0	0.098404884	-2.255413651	0.397594213	0.553723335	0.276127458
0	-0.003623605	-1.570568323	0.610594749	0.172482193	0.272181869
0	-0.112438083	-2.445013463	0.211857677	0.42976734	0.204354405
0	-0.052715421	-2.170970321	1.741597414	0.803837061	1.643566847
0	1.290317535	-2.292427242	0.604311526	0.045766234	0.736458302
1	-0.239880562	-1.574799716	0.354512513	0.736087143	0.917924047
1	2.383775711	-3.353770286	1.298217356	2.256924093	1.16950649
0	0.528869629	-2.19869937	0.807261109	0.434562027	1.007154346
0	2.136569738	-0.8926842	0.056665897	0.147465348	1.942231972
1	1.328602433	-1.574400589	0.789919019	0.877874017	1.490718365
0	1.619830132	-1.510677025	0.637537599	0.790841967	0.757760525
0	0.488614082	-0.913452864	0.073212624	0.224635035	0.381133556
0	0.424502134	-0.637069196	0.215330422	0.522180945	0.311082482
0	0.44295907	-0.237449288	0.811921835	0.821706012	0.259845257
0	-0.51564455	-0.041457295	-0.060806155	0.066770285	0.714912295
0	1.097383261	-2.298992962	0.914543509	0.550499052	-0.070005417
1	-0.12753582	-0.066295922	0.921420097	0.840277523	0.876363158
0	1.346893072	-1.218799233	1.054868698	0.88354528	-0.300316334
0	0.958110094	-2.330205262	1.01145184	0.652230889	0.918699861
0	-0.017037749	-1.399062037	0.159172177	0.054859132	0.754213452
0	-0.762839913	-0.941382632	0.72789228	0.585326731	0.462803483
0	0.099260449	-1.164921552	0.364094138	0.417317778	0.759325743
0	0.793986559	-2.098334908	0.498584747	0.314248085	0.346199751
1	0.997977883	-4.215618342	0.441529036	0.219049186	0.40707463
0	0.975767285	-0.258844703	0.666449249	1.026822001	0.095993876
0	1.185816944	-0.480220795	1.215441406	0.967099965	0.553589046
0	1.920468688	0.03503406	0.314707398	0.348749399	0.768484116
1	0.623153448	-1.933754623	0.421955943	0.800870612	-0.13471818
0	1.108905673	-0.384050131	0.195630789	0.527778029	0.425037384
0	0.473888636	-2.584205389	0.608336329	0.506950676	-0.089906693
0	1.763270468	-2.874459296	-0.332762122	-0.107220069	0.928732693
0	1.28275001	-0.722140819	0.7073493	1.080708027	1.326647162
0	1.685614467	-0.300607622	0.19346869	0.944893092	1.721294761
0	0.451611936	-0.146653175	0.413670093	0.984402001	1.51756525
0	0.149212837	0.069245756	0.289124608	0.432995319	1.111070395
0	0.956894994	-1.512312055	0.783860922	0.482728601	1.123049974
1	0.355559707	-2.122021034	0.144368708	-0.049943708	0.594813883
1	-0.161623478	-2.523508728	0.18031323	-0.812522948	0.770913124
0	0.655396104	-1.515085369	0.396964163	-0.387143023	0.15686357
0	-0.627897024	-0.414154738	0.079805374	0.888032377	0.715647697
0	0.171621323	-1.013224944	0.344513655	1.034259677	1.103846073
0	2.032458425	-0.604395092	0.355124652	0.813552737	2.167553604
