label	CP	C5	IGHG4	GSN	SERPINA2
0	-2.287567258	-1.171913147	-2.044172764	-1.320878029	-1.391331196
0	-2.21186626	-1.964612901	-1.609169751	-1.352032781	-2.350365996
0	-2.441126823	-1.840526164	-1.162748456	-0.910067797	-1.298728704
0	-1.996124268	-1.005150795	-3.794528246	-1.015291929	-1.533965468
0	-1.383191109	-0.890955687	-1.902911425	-0.650605559	-1.769333124
0	-2.159773827	-1.897497416	-2.158069789	-1.245307446	-2.033769548
0	-2.247668147	-2.169867694	-3.06522274	-0.21890521	-2.034677446
0	-2.257871747	-2.353748083	-1.134524226	-1.488485694	-1.646250397
0	-2.850515485	-2.436562479	-3.056315064	-1.095678806	-2.408052236
0	-1.814921796	-1.405955434	-2.131528914	-1.248406708	-1.398173571
0	-2.177466869	-1.410465598	-0.732596219	-0.788809776	-1.303444743
0	-2.469454527	-1.587423325	-2.335456848	-1.035648286	-1.54892242
0	-0.928124905	-0.807246923	-0.834488034	-1.291617453	-0.979318261
0	-1.717440844	-1.262002826	-1.514368773	-0.801980257	-1.318370104
0	-1.468684196	-1.082275629	-1.060417652	-1.482348084	-0.740001857
0	-2.63193655	-1.952483892	-2.909211189	-1.111030698	-2.071828783
0	-2.37586832	-1.616038382	-2.683550805	-0.911489725	-1.975027561
0	-1.857428432	-1.225311875	-2.198986053	-0.958064675	-1.018710375
0	-2.623856068	-2.074155271	-1.746136907	-0.768035769	-1.820501924
0	-2.454626977	-2.25748555	-0.867948599	-0.947405815	-1.982613489
0	-2.388309479	-2.232265711	-2.516495109	-1.427837133	-2.044038773
0	-2.580832809	-2.187347084	-2.069013238	-1.096770763	-1.950512767
0	-1.899460793	-1.345450222	-2.654065132	-1.297725916	-1.522006273
1	-0.867190957	-0.586465061	-0.581046343	-0.174804688	-0.648126841
0	-2.069994926	-1.281283736	-2.749471307	-1.593999267	-2.062431276
0	-1.970509529	-1.791441709	-1.58319217	-2.195721149	-1.606855929
0	-2.915352523	-2.023361742	-3.545828223	-0.315466404	-2.484650075
0	-2.259545803	-1.656277299	-2.266442776	-1.250272274	-1.830326438
0	-2.057465553	-2.008550048	-1.818431139	-0.641216755	-0.911833048
0	-2.47526449	-2.067771882	-1.975414276	-0.983418703	-2.205162823
0	-3.059461534	-2.570476636	-1.390457869	-1.23656249	-2.363656074
1	-1.508406639	-1.143708587	-1.149818003	-0.604713321	-1.394736171
0	-1.936883092	-1.528519392	-1.716650069	-0.984367013	-1.910226524
0	-2.25189662	-1.883138657	-2.415921658	-1.352662563	-1.264603287
1	-1.253310204	-1.026410937	-1.641949534	-0.821241975	-0.851450801
0	-2.303604156	-1.828589857	-1.456997454	-1.405252099	-1.12503475
0	-1.449031591	-0.916318059	-1.027761012	-0.91354382	-1.059877753
0	-2.130791664	-1.908758998	-1.879932344	-0.386064529	-1.756957293
0	-2.008744359	-1.479636669	-1.449123144	-1.274594903	-1.916368663
0	-2.155929565	-2.111861825	-1.074165262	-0.311577082	-1.382837296
0	-1.57209301	-0.693550348	-1.027320862	-1.372971058	-1.609468102
0	-1.953694224	-1.524614096	-2.285608888	-0.548179507	-1.928971291
0	-2.782226563	-2.108999729	-2.572355181	-0.365515471	-2.079584956
0	-2.672405005	-2.449387312	-3.154747605	-0.919435263	-2.291220844
0	-2.562003016	-2.015814275	-2.437875748	-1.318055868	-2.45328936
0	-1.98694694	-1.112948716	-1.277806133	-1.015455365	-0.954592586
0	-2.106727481	-1.745229006	-1.568585336	-1.241264105	-1.609198034
0	-2.689482749	-2.421911448	-2.505333602	-1.089437127	-1.673159629
0	-2.073937535	-1.887697525	-1.81579271	-1.373015285	-1.267764479
0	-2.461461306	-2.063603997	-1.980180264	-0.66125536	-2.706216216
1	-1.302372336	-1.054293871	-1.200074911	-0.560330749	-1.35427177
0	-1.692739666	-2.116469145	-1.807534695	-1.034725308	-1.82767725
0	-1.407239139	-1.561604977	-1.086115509	-0.645058393	-1.615963936
0	-1.516995072	-1.094609976	-0.696888864	-0.914916635	-1.623457909
0	-1.879184008	-1.601246178	-1.389059842	-0.854509592	-1.892582536
0	-3.130578458	-2.135793209	-1.698445082	-0.608595371	-1.877068877
0	-2.417802334	-1.389798701	-1.32388413	-1.130147934	-1.773770064
0	-2.226136923	-1.650343537	-1.764165521	-0.464535475	-1.603643835
0	-1.734388351	-1.399479091	-1.266564131	-0.207616806	-1.209246039
0	-1.317293763	-1.463844299	-2.029314995	-0.853305101	-1.630725265
0	-1.628902555	-1.737744689	-1.59216772	-0.952014923	-1.96934402
0	-1.012131095	-0.916336656	-1.208958268	-1.20422256	-1.278480291
0	-0.999928236	-0.553607941	-2.0838902	-1.006915569	-0.766198039
0	-1.945199609	-2.110812128	-1.452579319	-1.139268875	-1.745986581
0	-2.21095252	-2.05472976	-1.446563363	-0.922462344	-1.345451832
0	-0.82266736	-1.171058059	-1.325329065	-1.143940449	-1.286754072
0	-3.319972157	-2.160610259	-2.996782959	-1.880091429	-1.674481392
0	-1.541232228	-1.39673382	-1.591253698	-0.920996666	-1.802757204
0	-2.408694863	-1.373256087	-1.992484748	-0.986323357	-2.436249316
0	-1.76038456	-1.412300229	-1.389341801	-1.628636807	-1.83309643
1	-0.745511055	-0.303799868	-1.179854274	-1.101680517	-1.183574438
1	-0.815924406	-0.598910451	-0.596139908	-0.234312654	-0.902748227
1	-1.27565217	-0.902772784	-1.864837378	-0.74325183	-1.317332208
1	-0.925449133	-0.815524817	-1.76276207	-0.360314012	-1.200456679
1	-1.418186665	-1.048802376	-0.68937552	-0.760859489	-1.437723994
0	-0.819855213	-0.994991899	-0.373208612	-0.153418541	-1.279676437
0	-1.345008373	-1.189486265	-1.75975275	-0.267420769	-1.278215766
1	-0.78192234	-0.941101909	-0.767602354	-0.39375329	-1.561797619
0	-2.151572287	-1.443269819	-1.416480392	-1.150160968	-1.933020413
0	-3.178766966	-2.435040593	-2.675141811	-0.863177001	-2.898175955
0	-2.099334836	-1.899500251	-1.133022577	-1.469170541	-2.166215181
1	-0.560397983	-0.168729424	-0.407924294	-0.551127911	-0.238274336
1	-0.561039448	-0.470722437	-0.450557828	-0.553346157	-0.742000818
1	-0.852950096	-1.232266665	-0.551780224	-0.299433708	-0.367864728
1	-0.531791687	-0.255872726	-1.016949058	-0.089530587	-0.04788208
0	-1.815204322	-1.839597702	-2.254953742	-1.052238703	-1.57832098
0	-1.741986394	-1.631756902	0.395550489	-0.240915775	-1.33060509
1	-0.537074566	0.137945175	-1.591254473	-1.674077511	-0.621829271
0	-2.014011264	-1.69732058	-1.31763272	-0.985006332	-1.840710521
1	-1.248620749	-0.710216641	-0.871370554	-1.185302138	-1.141234756
1	-1.53524673	-0.961105883	-1.449180245	-0.00492239	-1.591906369
1	-1.226454973	-1.246220112	-0.69493264	-0.853194356	-1.660212994
1	-1.589555502	-1.576587677	-0.492727041	-0.571938157	-1.205445409
0	-1.732628584	-1.532185078	-1.208944798	-1.699279904	-1.444231331
0	-0.705133319	-0.890584707	-0.693149567	-0.822553635	-0.280811071
1	-0.330284953	-0.419846773	-0.576307833	-0.972760201	-0.532882929
0	0.518493176	0.664511919	-0.114403963	-1.291865766	0.02886939
0	-2.164566278	-1.22475338	-2.199016571	-0.496388257	-1.982007682
1	-0.91562891	-0.778742313	-0.742570639	-0.943588972	-0.762359858
1	-1.098429203	-0.939215899	-0.997888327	-0.827893972	-1.088472247
0	-1.566042364	-1.17287302	-3.216794372	-1.984086871	-1.067946315
0	-2.215136886	-1.338447213	-2.547749877	-1.900401115	-1.922897875
0	-2.151679039	-1.231624126	-1.631432891	-0.962534785	-1.89710021
0	-1.440290928	-1.356022239	-1.381644964	-0.798439026	-1.310433805
1	-0.094218254	0.170375705	-0.230463386	-0.472553015	-0.376399755
0	-2.269020915	-1.710922271	-1.276185155	-1.103732705	-1.777810812
0	-2.13724494	-1.077680945	-1.341144025	-0.811128616	-2.284697175
0	-1.542315722	-1.281876802	-1.025595188	0.014281511	-1.450994253
0	-2.115293622	-1.823560894	-1.838488758	-0.928595781	-2.074577361
1	-0.683606863	-0.542512596	-0.351154625	0.174667597	-0.455506027
0	-1.805912852	-1.568879962	-0.66837424	-1.165155292	-1.841208041
0	-1.304508328	-1.494602442	-1.37461549	-1.317483366	-1.330141187
