label	KNG1	MFAP4	CFHR1	NRIP2	FETUB
0	-1.794691384	-2.896241546	-1.377747178	0.365708232	-2.423493728
0	-2.257678151	-3.663318455	-1.459552169	0.372774839	-2.500680715
0	-2.364424109	-2.666018307	-1.733137846	0.640041232	-2.201679647
0	-1.91509366	-2.617576122	-0.915091753	0.229562044	-1.489223599
0	-1.753280044	-1.829538405	-0.699091554	0.004148483	-1.127571106
0	-2.1846596	-4.098774195	-1.743175149	-1.206779525	-2.14177531
0	-2.219732463	-3.748538613	-1.591255426	-0.838217378	-2.243938088
0	-2.127704322	-3.432760596	-2.359962821	-1.274689943	-2.375703394
0	-2.385890901	-1.891124964	-1.940138936	-0.315477192	-2.569765747
0	-1.460607648	-1.806551337	-2.03356576	-1.277978823	-1.654747248
0	-2.086456776	-1.252014756	-2.075963497	-0.982085347	-1.441776156
0	-2.030784786	-2.478036284	-1.899886549	-0.79738009	-1.724215865
0	-0.908401132	-2.53063798	-1.531975508	-1.638946772	-0.90397954
0	-1.76819849	-2.517971992	-1.401418924	-1.391558647	-1.266084909
0	-1.343931675	-1.278728962	-2.146536469	-1.535116315	-1.556508899
0	-2.732542813	-3.554713011	-2.361078382	0.399755485	-2.445828259
0	-2.197994947	-3.159249246	-1.62007916	-0.922239363	-2.078086495
0	-1.68872273	-1.183104038	-1.033994198	0.676980615	-1.472442091
0	-2.393091142	-3.1555022	-1.649624825	-0.096023247	-2.174046397
0	-2.191117764	-3.384814858	-2.88028264	-1.522718787	-2.220570128
0	-2.551969647	-2.762887955	-1.803653479	-2.255649686	-2.054413676
0	-2.665449321	-2.727406457	-2.361383915	-2.081656575	-2.614967622
0	-1.633229256	-2.739823505	-1.373831511	-1.71286273	-1.107343137
1	-0.898177266	-0.249165297	-0.525978565	1.074738503	-0.656957686
0	-2.148892343	-2.839408882	-1.629286885	-1.411612988	-2.05979991
0	-2.016332746	-2.65090394	-2.388242483	0.889226317	-1.702395558
0	-2.865149379	-1.868646502	-2.710329413	0.366455555	-2.205597401
0	-2.322009683	-1.724399924	-2.004458427	0.66219604	-2.13725996
0	-1.848980665	-1.731376767	-1.753678799	0.91465652	-1.812610984
0	-2.418647826	-1.43592016	-2.708956003	-0.176755667	-2.057408959
0	-2.544076234	-2.520224303	-3.480806708	1.096416354	-1.84573032
1	-1.392456293	-1.939638853	-1.309023857	0.30853796	-1.144079328
0	-1.815082312	-2.911684841	-2.073887348	0.246466994	-1.822643936
0	-2.088595971	-1.674553305	-2.509086847	0.690335751	-1.302146956
1	-1.595064044	-1.326666474	-1.050085068	-0.830003262	-0.835708618
0	-2.235338211	-2.618654132	-1.76712279	0.197658658	-1.405972533
0	-1.713409185	-3.468921542	-0.743876874	1.299446821	-0.99911502
0	-2.491066813	-3.755241513	-1.500398517	0.619792104	-1.615782678
0	-2.205990672	-4.403152704	-0.521626651	-0.154985189	-1.481344879
0	-2.12393856	-2.595457554	-1.387939483	0.976911187	-1.581738204
0	-1.226252317	0.531317115	-0.427905798	0.020494387	-1.338888884
0	-2.013615847	0.825880408	-0.921197653	-0.450384974	-2.462570012
0	-2.218500614	0.890601873	-0.971626997	-0.728274018	-3.487522364
0	-2.2757231	0.366598845	-2.883872986	-1.065590456	-1.902281463
0	-2.33393091	-2.542646289	-1.498247147	-1.201036766	0.524325728
0	-1.701593876	-2.211299777	-1.472706914	-1.052566141	0.581691384
0	-1.947878897	-2.455406666	-1.536980391	-0.254876077	-0.196402669
0	-2.254355341	-2.687972307	-2.783465743	0.010051757	0.696025014
0	-1.864713341	-1.447057486	-2.094577551	-1.451820791	0.084129333
0	-2.283838272	-2.820079207	-1.803644419	-0.329584002	-2.513026327
1	-1.114249468	-1.873431921	-0.712510824	-0.871210814	-1.316570133
0	-2.389981151	-2.783301711	-1.765820086	0.298068643	-1.426759586
0	-1.624291241	-1.861614108	-1.038874328	-0.39712292	-1.234503239
0	-1.406217098	-1.967150331	-0.811030149	-0.712360665	-1.175636768
0	-1.766576648	-2.345241845	-1.225978017	-0.771616817	-1.490729809
0	-2.712747812	-1.530134678	-2.728137434	-1.32130748	-2.730112329
0	-1.617624044	-1.837078661	-1.889310658	-1.867609888	-1.934087642
0	-1.675141692	-0.647484988	-1.464959264	-0.321427226	-1.627785474
0	-1.689447522	-1.554292828	-1.372956514	-0.908145607	-1.592074454
0	-1.717522621	-2.296903253	-1.220673919	-0.286606669	-1.293152273
0	-2.079157829	-1.773962975	-1.162641525	-0.394402087	-1.584370792
0	-1.155409455	-2.59389919	-0.509669662	-1.870669544	-1.048015654
0	-1.218621492	-2.655453086	-0.573992729	-2.220159024	-1.03178978
0	-2.194915056	-2.157947183	-1.864079744	-1.422202855	-1.66381371
0	-2.17284894	-0.458019853	-1.954654694	-2.445356369	-1.610515893
0	-1.260131121	-1.983171523	-0.907951951	-1.485712647	-1.194490135
0	-3.167582989	-2.203027368	-2.059611857	-1.404947162	-2.734541945
0	-2.122642279	-1.855787367	-0.958762407	-0.892845869	-1.602609396
0	-2.558490872	-2.104709625	-1.347931743	-0.018343806	-2.102168441
0	-2.186743855	-3.105753183	-0.932639182	0.056297421	0.686004996
1	-1.091203928	-1.750081062	-0.09347105	-0.227143049	0.327999115
1	-1.025423408	-1.178176403	-0.048968792	0.755660057	0.035408735
1	-1.636263609	-2.63853538	-1.057607412	0.62919426	0.747213006
1	-1.14035964	-1.806043625	-0.98703444	-0.47949028	0.74379909
1	-1.451051235	-3.7908113	-0.172024488	-0.111055374	-1.576849461
0	-1.695486546	-3.067394137	-0.306309581	0.534259796	-1.860832095
0	-1.343287468	-3.032013357	-1.069492459	-0.099750996	-2.321915686
1	-1.430197716	-2.926328659	0.056696415	0.354538679	-1.567566752
0	-1.825716376	-2.546598732	-2.100971699	0.250030637	-2.143582225
0	-2.657868505	-8.51042819	-2.617316544	-1.433878928	0.46711719
0	-1.770275354	-3.281093597	-1.520433545	-1.119975194	-0.014459729
1	-0.439700842	-0.975828171	0.051668167	0.653747678	1.725889802
1	-0.269304514	-1.6137321	-0.273663998	0.354878664	0.533179283
1	-0.989230394	-1.333554745	-1.45238328	-0.283376694	0.568896532
1	-0.466817141	0.415911198	-0.163186073	-0.095804751	-0.403338909
0	-1.977010369	-2.103973269	-1.484608173	0.227791905	-2.307349205
0	-2.195495009	-1.139229059	-1.681702852	-0.460133076	-2.137270391
1	-0.768289566	-1.502524376	0.876628876	-1.029312253	-0.47889185
0	-2.081813574	-0.985618114	-1.397810221	-1.154805988	-2.216066241
1	-1.206281662	-1.103808045	-0.687238216	-1.481232047	-0.632457256
1	-1.300921381	-1.280143082	-0.781528711	0.542125583	-0.137870073
1	-1.521463037	-2.585359573	-1.400181651	-0.170807242	-0.046998024
1	-1.604919791	-1.898792744	-1.498185277	0.691407442	0.089160562
0	-1.997751355	-2.618970692	-0.939656258	-1.351951644	0.916826844
0	-0.986562967	-2.26524353	-1.571267128	-1.332100391	0.938312054
1	-0.706063747	-2.033560991	-0.975490451	-0.481847525	0.313056231
0	0.187001467	-2.717725575	-0.036383152	-1.614911318	1.123775959
0	-2.393145323	-1.398862511	-1.935815647	-0.026075542	-0.516654849
1	-0.94438982	-1.183004141	-0.11082387	-0.686483622	-0.551480532
1	-1.417555451	-2.158498764	-0.525926113	-0.273666143	-0.99532187
0	-1.65490973	-2.332348332	-0.716080427	-2.330567479	-1.008403122
0	-2.249759197	-2.244957685	-1.423253655	-1.998680472	-1.729804873
0	-1.937338114	-2.037585735	-1.587379694	-1.867645591	-2.340905666
0	-1.655111313	-2.199746668	-1.679361582	-0.807654917	-1.657369018
1	-0.155439377	-0.874164343	-0.172268152	1.278272629	-0.303932428
0	-2.179615498	-1.961352587	-1.547922015	-0.996410728	-2.446057081
0	-2.45438242	-1.178197622	-0.954100847	-0.818314016	-2.585057259
0	-1.895977497	-1.176047802	-1.627464056	0.267513752	-1.391541004
0	-1.930166125	-2.27469337	-1.981463075	0.830075502	-2.36976862
1	-1.010194331	-0.767521262	-1.163218498	-0.131067395	-0.176471472
0	-1.354806066	-1.403343379	-1.912662864	0.458707333	-1.563619375
0	-1.255604655	-1.711040497	-1.454511404	-0.403174996	-1.64902252
