label	CLIC3	SPRR2D	SFN	S100A14
1	0.507692069	-0.952074111	0.372834325	1.292497814
0	-1.456158072	-3.705765843	0.032854617	0.668084145
1	2.263078451	0.017756104	1.593216717	2.908003658
0	0.128677189	-2.363664746	1.160134912	1.888611794
0	-1.207784653	-1.979799509	-0.075924873	-1.031695843
1	-0.592974536	-0.738362074	1.130896389	0.599074602
0	0.780017734	-1.199598432	0.369844601	0.364431024
0	-0.698643386	-1.914436102	0.324090719	-1.060701728
0	-1.75874567	-1.654750943	-0.2392658	-0.502763033
1	0.220679551	-0.625379682	1.211598814	1.208342791
0	-2.246162772	-2.258195639	0.939800739	0.390812874
0	0.738965988	-2.607627362	0.776186943	2.461983204
1	-0.455600739	0.409606695	1.780589312	1.84906137
1	1.607382312	-0.633731365	0.811196506	1.239110887
1	2.683986127	1.149140418	2.812763274	3.36048919
1	1.134454936	0.51493749	1.87161231	1.08198458
1	-0.857570112	-0.014925361	1.424340665	1.515425861
1	-0.974727362	-1.264785528	0.578458726	0.38898176
1	0.022616923	0.806484058	1.114175826	1.1319841
0	-0.517687798	-0.660128355	0.383900702	-0.314523757
1	0.634682387	0.226379752	0.957009971	0.830790192
0	0.316210687	-0.545261621	1.193112433	1.174748778
1	-0.468226761	0.84854579	1.552187026	0.371507823
0	-0.681811057	-2.460913777	0.191190124	-0.036684096
0	-1.735081106	-3.359703772	0.026708722	-0.53973496
1	-1.637854397	0.312360287	1.720071316	0.953562975
0	-2.813785434	-3.342329979	-0.577687562	-2.30986844
0	-2.175297141	-3.300673299	-0.688526593	0.583651543
1	1.447838306	0.709402204	1.113697499	1.517763376
1	1.00747329	-1.322468042	1.272102356	1.281191111
0	-0.740635723	-3.569370031	0.666897535	-0.542914748
0	-2.073837191	-3.480082393	-0.986832738	-0.888134241
0	-1.14087911	-3.805721879	0.65151906	0.229021907
1	-0.852991737	-2.507916689	0.471834898	0.882448673
0	-0.229458094	-0.988466144	1.657620728	0.580044121
1	0.759871632	0.361666799	1.48029685	0.8849895
0	-1.926264852	-2.643066466	0.154090881	-0.483705282
0	-0.238291889	0.212772161	0.214891255	0.662514329
1	0.052170515	0.639556527	0.766698956	-0.445971012
1	-0.771839559	-0.239251524	1.184272051	1.554280639
1	0.625593901	1.90725112	0.745462716	1.698916554
0	-0.149474859	-1.324041039	1.329150081	1.097942114
0	0.598654389	-0.728212178	-0.829657376	-0.748005986
0	0.986175656	-0.773516193	0.54533267	0.99348259
1	0.114760488	0.487154722	1.616670668	2.218274534
1	0.427263215	0.234785557	2.339477599	1.36210072
1	-0.479991406	0.783685923	0.768280864	0.513710499
1	-0.564765032	1.562026739	0.710885227	1.703371048
1	-0.563075244	-0.311770141	1.231623888	1.771551371
0	-0.633909553	-1.14914155	0.522376657	-0.746441603
0	-1.340666652	-1.993608952	0.318227708	-0.775306225
1	-0.195181429	-0.500374794	0.772562742	1.127040625
0	-1.285954639	-3.34874779	0.235700011	-0.644115448
0	-1.130349308	-0.775516868	0.790586829	0.047770023
1	-0.712985635	1.275014043	1.246452093	1.081137896
1	0.587533236	0.670366466	2.546575338	3.599804997
1	0.837006867	0.298607051	2.331899524	1.661855996
1	0.441491693	0.334625721	2.149779499	0.647395879
1	1.280651778	0.57227236	1.939265013	2.215591908
0	-1.254696071	-1.817957938	-0.185207307	-1.599740326
1	1.207246214	-0.118440866	1.549844116	1.481716216
1	-0.508959562	1.336201727	2.098931044	2.06574285
1	1.011118233	2.282634497	2.082354337	2.454967201
1	-0.411922783	-0.633370578	1.41959402	-0.820298582
1	0.380793631	1.491883278	1.288813353	1.717984915
1	-0.368806869	1.82938686	0.908878833	0.26951015
1	-0.347832799	-0.813788772	1.980955243	0.971306026
1	-0.778537154	-0.69755419	2.009723902	0.867920816
0	-1.691404343	-3.03133598	-1.29019928	-1.844853759
0	-1.342425361	-0.161917925	0.402288556	0.543936014
0	-1.069979995	-0.930370688	-0.851661026	-2.154752016
0	-0.229673564	-0.733809888	0.265455365	-0.285665035
0	-1.521578908	-2.77546382	0.404316187	-1.60533452
0	-1.382248223	-2.651014566	-0.281241298	-1.55967474
0	0.797682524	2.302135706	1.771300197	0.376101017
0	-1.459664315	-2.3439219	-0.155535936	0.301450729
0	0.267881215	-1.40164271	-0.303904399	-0.305382013
0	-0.829783887	-1.14231652	-0.196117163	-0.708778262
1	0.316918731	2.09771204	2.229964703	2.236418933
0	-0.859875083	-2.154346049	0.519681394	0.546203971
1	-0.710753888	-1.215102822	1.406152338	0.892075688
0	-0.9928011	-0.946532547	-0.056817621	-0.693559319
0	-1.758393526	-1.947260804	-1.064471483	-1.103407562
0	-0.317719698	-1.258525625	0.684954882	0.192321897
0	-1.220595628	-1.262845755	-0.71299243	-0.68132019
1	0.228488326	1.287776828	1.523272157	1.793875456
0	-0.518900692	-0.896458983	1.105039358	0.092721701
0	0.300196171	0.063188672	0.526872337	-0.667724848
1	-0.936262101	1.983648062	1.374692023	-0.351959944
0	-1.775227547	1.839734554	1.54832536	0.154412985
0	-2.808141306	-3.139059708	-1.058586657	-1.200562775
0	-1.93134737	-1.41732356	0.111250281	-0.791935444
0	0.281358421	0.476600885	0.423099995	0.336205602
0	-1.059668675	-0.766852736	1.762894481	1.476178885
1	-0.387273669	2.434230715	1.205795139	1.292445838
0	0.097294688	1.719737947	1.54114151	1.08837378
0	1.286926627	-0.059397221	-0.043048114	0.626116931
0	-2.917782128	-3.721434236	0.883332491	0.027751923
0	-0.391228199	-0.039341807	0.763042927	1.473748446
0	-0.138382196	-0.630370617	0.01051718	0.4735291
1	-0.167804152	1.525888562	2.100074261	2.961876661
1	-0.543618381	3.861295581	1.891909897	1.29264611
1	-1.246924609	-2.602385521	0.618128955	0.959617615
1	0.03130281	-1.867234349	1.128002644	-0.151400089
0	-1.904670894	-1.072552562	-0.601915061	-1.387000799
1	-0.613386363	1.322675467	1.206590742	0.990120649
0	-0.07835488	-1.490204155	-0.393315911	-0.584575176
0	-0.549355268	0.628674269	0.811410904	-1.014303684
1	-0.231444478	-1.002629042	0.953647971	1.085091233
0	-0.814092368	-1.721084595	-0.068879843	1.767415762
1	-0.451295361	-1.730209559	1.72582078	2.978679895
1	-0.646381699	-1.9151842	2.528450996	3.848276377
